0.0000 8.34063 -4.43708
0.0050 8.34085 -4.42237
0.0100 8.35291 -4.41374
0.0150 8.35989 -4.41727
0.0200 8.35656 -4.45338
0.0250 8.35482 -4.4902
0.0300 8.35796 -4.52869
0.0350 8.33668 -4.5547
0.0400 8.31542 -4.59301
0.0450 8.29596 -4.65515
0.0500 8.26398 -4.70657
0.0550 8.23117 -4.75687
0.0600 8.19942 -4.7972
0.0650 8.17898 -4.82663
0.0700 8.15774 -4.86612
0.0750 8.13743 -4.88136
0.0800 8.13116 -4.8853
0.0850 8.11284 -4.89859
0.0900 8.0928 -4.92114
0.0950 8.07533 -4.92168
0.1000 8.05743 -4.92152
0.1050 8.03554 -4.92911
0.1100 8.01522 -4.93535
0.1150 7.99457 -4.93997
0.1200 7.97566 -4.94565
0.1250 7.95586 -4.96093
0.1300 7.93739 -4.97601
0.1350 7.93255 -4.98915
0.1400 7.928 -5.0032
0.1450 7.91155 -5.01723
0.1500 7.91602 -5.04046
0.1550 7.91182 -5.06453
0.1600 7.90786 -5.08788
0.1650 7.90587 -5.08879
0.1700 7.90484 -5.101
0.1750 7.90639 -5.12662
0.1800 7.90739 -5.14863
0.1850 7.88589 -5.17257
0.1900 7.87667 -5.21014
0.1950 7.85623 -5.23661
0.2000 7.83427 -5.27449
0.2050 7.82455 -5.30177
0.2100 7.79217 -5.34013
0.2150 7.76994 -5.36895
0.2200 7.74825 -5.39886
0.2250 7.72611 -5.42709
0.2300 7.70324 -5.45618
0.2350 7.67819 -5.48505
0.2400 7.65402 -5.50331
0.2450 7.63815 -5.50823
0.2500 7.62397 -5.52495
0.2550 7.61952 -5.52587
0.2600 7.60492 -5.52647
0.2650 7.59329 -5.51574
0.2700 7.58084 -5.51399
0.2750 7.56883 -5.51198
0.2800 7.56813 -5.52069
0.2850 7.5697 -5.51829
0.2900 7.56055 -5.5151
0.2950 7.5628 -5.5227
0.3000 7.55522 -5.53114
0.3050 7.54755 -5.54034
0.3100 7.54214 -5.56347
0.3150 7.5266 -5.58896
0.3200 7.50968 -5.61334
0.3250 7.49161 -5.65016
0.3300 7.47313 -5.68624
0.3350 7.45429 -5.71112
0.3400 7.43419 -5.75005
0.3450 7.4237 -5.79877
0.3500 7.41587 -5.87407
0.3550 7.41139 -5.95394
0.3600 7.35962 -6.06727
0.3650 7.313 -6.13364
0.3700 7.28564 -6.14777
0.3750 7.28032 -6.12169
0.3800 7.28629 -6.11659
0.3850 7.29513 -6.1369
0.3900 7.2584 -6.17159
0.3950 7.23273 -6.17287
0.4000 7.22979 -6.14824
0.4050 7.25174 -6.10783
0.4100 7.26647 -6.08883
0.4150 7.27229 -6.08049
0.4200 7.23341 -6.12042
0.4250 7.21628 -6.13326
0.4300 7.19915 -6.09523
0.4350 7.16934 -6.0579
0.4400 7.15192 -6.01673
0.4450 7.15608 -6.01161
0.4500 7.14787 -6.00877
0.4550 7.15503 -5.99503
0.4600 7.1382 -6.01704
0.4650 7.14305 -6.00312
0.4700 7.13291 -5.98495
0.4750 7.12496 -5.97845
0.4800 7.11859 -5.98458
0.4850 7.12449 -5.99102
0.4900 7.13343 -5.99867
0.4950 7.143 -6.01962
0.5000 7.14134 -6.05357
0.5050 7.12799 -6.10372
0.5100 7.11382 -6.15679
0.5150 7.10744 -6.21203
0.5200 7.10059 -6.26862
0.5250 7.09207 -6.3402
0.5300 7.08043 -6.38794
0.5350 7.08937 -6.39965
0.5400 7.12282 -6.39776
0.5450 7.15858 -6.37338
0.5500 7.19769 -6.34865
0.5550 7.22797 -6.31157
0.5600 7.27016 -6.26095
0.5650 7.3188 -6.19639
0.5700 7.34851 -6.15186
0.5750 7.36461 -6.10727
0.5800 7.37926 -6.08438
0.5850 7.35904 -6.08609
0.5900 7.3359 -6.06569
0.5950 7.31014 -6.05508
0.6000 7.28308 -6.04433
0.6050 7.25826 -6.04616
0.6100 7.24248 -6.04778
0.6150 7.24014 -6.05085
0.6200 7.23749 -6.04378
0.6250 7.22286 -6.0478
0.6300 7.20744 -6.05419
0.6350 7.17831 -6.06345
0.6400 7.1713 -6.03693
0.6450 7.17361 -6.00767
0.6500 7.17592 -5.97636
0.6550 7.1555 -5.97025
0.6600 7.14721 -5.96686
0.6650 7.14936 -5.95045
0.6700 7.15299 -5.93193
0.6750 7.15932 -5.92575
0.6800 7.15399 -5.93342
0.6850 7.14667 -5.92989
0.6900 7.14982 -5.91535
0.6950 7.15367 -5.91249
0.7000 7.15968 -5.91124
0.7050 7.1646 -5.92357
0.7100 7.17856 -5.93521
0.7150 7.1944 -5.91194
0.7200 7.2108 -5.88821
0.7250 7.23968 -5.86283
0.7300 7.25632 -5.84761
0.7350 7.2739 -5.83255
0.7400 7.29078 -5.81916
0.7450 7.29501 -5.80707
0.7500 7.29782 -5.77257
0.7550 7.31264 -5.72398
0.7600 7.32839 -5.67284
0.7650 7.34379 -5.61998
0.7700 7.3598 -5.56642
0.7750 7.37743 -5.5237
0.7800 7.39564 -5.48017
0.7850 7.41664 -5.42367
0.7900 7.42808 -5.36596
0.7950 7.43785 -5.31918
0.8000 7.44684 -5.28422
0.8050 7.44586 -5.26214
0.8100 7.45674 -5.24142
0.8150 7.46565 -5.23272
0.8200 7.45348 -5.22689
0.8250 7.45239 -5.22412
0.8300 7.43884 -5.22192
0.8350 7.4279 -5.23598
0.8400 7.42 -5.22838
0.8450 7.40016 -5.23377
0.8500 7.36673 -5.27543
0.8550 7.33054 -5.36421
0.8600 7.31063 -5.50727
0.8650 7.29291 -5.68425
0.8700 7.30393 -5.85128
0.8750 7.28292 -5.99594
0.8800 7.24953 -6.03703
0.8850 7.2457 -5.97759
0.8900 7.27068 -5.89037
0.8950 7.30488 -5.82255
0.9000 7.3503 -5.79662
0.9050 7.41426 -5.77779
0.9100 7.46685 -5.77733
0.9150 7.48653 -5.73672
0.9200 7.50649 -5.66843
0.9250 7.50855 -5.60306
0.9300 7.48715 -5.59519
0.9350 7.42725 -5.68192
0.9400 7.33698 -5.83032
0.9450 7.24056 -5.97687
0.9500 7.16611 -6.11586
0.9550 7.07493 -6.2334
0.9600 7.00167 -6.31168
0.9650 6.94722 -6.36575
0.9700 6.91145 -6.38952
0.9750 6.89575 -6.3862
0.9800 6.9008 -6.37303
0.9850 6.92719 -6.34927
0.9900 6.96372 -6.30313
0.9950 7.00973 -6.23084
1.0000 7.05606 -6.1524
1.0050 7.11606 -6.07042
1.0100 7.18018 -5.98445
1.0150 7.233 -5.88508
1.0200 7.28829 -5.79253
1.0250 7.33668 -5.67162
1.0300 7.37442 -5.54385
1.0350 7.42684 -5.42296
1.0400 7.47691 -5.31542
1.0450 7.5208 -5.21738
1.0500 7.54971 -5.13855
1.0550 7.55758 -5.07105
1.0600 7.56747 -5.03049
1.0650 7.56657 -5.03088
1.0700 7.55268 -5.05934
1.0750 7.52643 -5.09365
1.0800 7.474 -5.15943
1.0850 7.40475 -5.23098
1.0900 7.34374 -5.32087
1.0950 7.31375 -5.40337
1.1000 7.30605 -5.47099
1.1050 7.28481 -5.57553
1.1100 7.26316 -5.67975
1.1150 7.25177 -5.76451
1.1200 7.24677 -5.80518
1.1250 7.24532 -5.82695
1.1300 7.26216 -5.81395
1.1350 7.28848 -5.75124
1.1400 7.33704 -5.6505
1.1450 7.39704 -5.53246
1.1500 7.46021 -5.39833
1.1550 7.51595 -5.26182
1.1600 7.58859 -5.12886
1.1650 7.65677 -5.00019
1.1700 7.69762 -4.86625
1.1750 7.73177 -4.73955
1.1800 7.76635 -4.63398
1.1850 7.79004 -4.539
1.1900 7.79429 -4.46806
1.1950 7.786 -4.40986
1.2000 7.77568 -4.35458
1.2050 7.75117 -4.32524
1.2100 7.72591 -4.28518
1.2150 7.71 -4.24801
1.2200 7.68128 -4.23805
1.2250 7.64945 -4.23108
1.2300 7.62441 -4.21298
1.2350 7.60986 -4.19451
1.2400 7.605 -4.16596
1.2450 7.6087 -4.11562
1.2500 7.61302 -4.04178
1.2550 7.61948 -3.96654
1.2600 7.6293 -3.88944
1.2650 7.651 -3.82514
1.2700 7.67297 -3.73558
1.2750 7.68415 -3.67973
1.2800 7.70654 -3.65795
1.2850 7.72812 -3.67307
1.2900 7.74686 -3.70531
1.2950 7.7645 -3.737
1.3000 7.7727 -3.7208
1.3050 7.79215 -3.65918
1.3100 7.79949 -3.57921
1.3150 7.81435 -3.47952
1.3200 7.82709 -3.39758
1.3250 7.8584 -3.32674
1.3300 7.88964 -3.26075
1.3350 7.9165 -3.17298
1.3400 7.94874 -3.04946
1.3450 7.98487 -2.89823
1.3500 8.0174 -2.76129
1.3550 8.04305 -2.6516
1.3600 8.04877 -2.57664
1.3650 8.03056 -2.55345
1.3700 7.99738 -2.58542
1.3750 7.97295 -2.61247
1.3800 7.93283 -2.63082
1.3850 7.8891 -2.65518
1.3900 7.85415 -2.66802
1.3950 7.81495 -2.68285
1.4000 7.78546 -2.70046
1.4050 7.76669 -2.72156
1.4100 7.76793 -2.72227
1.4150 7.77164 -2.73793
1.4200 7.76332 -2.74653
1.4250 7.77446 -2.71999
1.4300 7.79516 -2.66952
1.4350 7.79438 -2.63907
1.4400 7.79198 -2.57511
1.4450 7.8076 -2.48876
1.4500 7.84753 -2.37576
1.4550 7.89127 -2.23537
1.4600 7.92964 -2.10001
1.4650 7.9742 -1.96962
1.4700 8.00609 -1.86048
1.4750 8.03214 -1.77098
1.4800 8.03901 -1.70271
1.4850 8.04508 -1.64633
1.4900 8.0411 -1.61621
1.4950 8.02444 -1.61316
1.5000 8.00859 -1.61506
1.5050 7.99262 -1.65833
1.5100 7.96131 -1.69275
1.5150 7.94134 -1.74383
1.5200 7.90536 -1.78542
1.5250 7.87864 -1.83027
1.5300 7.85974 -1.86601
1.5350 7.83777 -1.87828
1.5400 7.83447 -1.88017
1.5450 7.83202 -1.85985
1.5500 7.84882 -1.81651
1.5550 7.87608 -1.76268
1.5600 7.90463 -1.69776
1.5650 7.93866 -1.64128
1.5700 7.95282 -1.5957
1.5750 7.99074 -1.52473
1.5800 8.02822 -1.45139
1.5850 8.04591 -1.37522
1.5900 8.05641 -1.31006
1.5950 8.06792 -1.26742
1.6000 8.09389 -1.23628
1.6050 8.13589 -1.21694
1.6100 8.16057 -1.18889
1.6150 8.16324 -1.16115
1.6200 8.14088 -1.11983
1.6250 8.10746 -1.11489
1.6300 8.0852 -1.1111
1.6350 8.06121 -1.11961
1.6400 8.01967 -1.21532
1.6450 7.95394 -1.41348
1.6500 7.9013 -1.67434
1.6550 7.87811 -1.88452
1.6600 7.87805 -1.96132
1.6650 7.91979 -1.93314
1.6700 7.93355 -1.85453
1.6750 7.96376 -1.77127
1.6800 7.98622 -1.75535
1.6850 8.01418 -1.74469
1.6900 8.05113 -1.72392
1.6950 8.10176 -1.69735
1.7000 8.1655 -1.59131
1.7050 8.21821 -1.40542
1.7100 8.28946 -1.16665
1.7150 8.35972 -0.937601
1.7200 8.40487 -0.785116
1.7250 8.40607 -0.715975
1.7300 8.38091 -0.73942
1.7350 8.32742 -0.798539
1.7400 8.25786 -0.866607
1.7450 8.18445 -0.92636
1.7500 8.1184 -0.988432
1.7550 8.04912 -1.06342
1.7600 7.97464 -1.14167
1.7650 7.92157 -1.24943
1.7700 7.87567 -1.35237
1.7750 7.83736 -1.43691
1.7800 7.8069 -1.47894
1.7850 7.80832 -1.48656
1.7900 7.78807 -1.50644
1.7950 7.77697 -1.49318
1.8000 7.76412 -1.49974
1.8050 7.75001 -1.48156
1.8100 7.75387 -1.41882
1.8150 7.76737 -1.34138
1.8200 7.80495 -1.25044
1.8250 7.82699 -1.1536
1.8300 7.8528 -1.02835
1.8350 7.89654 -0.896826
1.8400 7.95818 -0.782347
1.8450 8.00746 -0.698905
1.8500 8.04008 -0.650024
1.8550 8.05358 -0.661603
1.8600 8.05391 -0.687264
1.8650 8.03978 -0.718666
1.8700 8.02232 -0.742181
1.8750 7.98548 -0.768622
1.8800 7.95878 -0.786716
1.8850 7.94132 -0.808369
1.8900 7.92157 -0.844691
1.8950 7.90053 -0.847918
1.9000 7.88895 -0.842837
1.9050 7.88551 -0.815825
1.9100 7.89236 -0.765007
1.9150 7.91295 -0.700529
1.9200 7.9226 -0.609049
1.9250 7.93388 -0.500828
1.9300 7.94685 -0.389529
1.9350 7.97098 -0.285154
1.9400 7.99661 -0.1895
1.9450 8.01429 -0.0903628
1.9500 8.03599 -0.0114426
1.9550 8.06126 0.0568165
1.9600 8.07624 0.101399
1.9650 8.09557 0.121239
1.9700 8.11742 0.127446
1.9750 8.12743 0.129088
1.9800 8.13578 0.115187
1.9850 8.12838 0.0987714
1.9900 8.11809 0.079254
1.9950 8.10336 0.0825124
2.0000 8.09396 0.0828579
2.0050 8.09232 0.104751
2.0100 8.10099 0.136597
2.0150 8.10769 0.189436
2.0200 8.11565 0.253926
2.0250 8.13562 0.330882
2.0300 8.15814 0.410318
2.0350 8.18211 0.491987
2.0400 8.19966 0.577423
2.0450 8.22079 0.655242
2.0500 8.23348 0.725013
2.0550 8.23666 0.783997
2.0600 8.22626 0.830159
2.0650 8.21548 0.865238
2.0700 8.19347 0.887113
2.0750 8.17016 0.895457
2.0800 8.15775 0.890062
2.0850 8.14363 0.880708
2.0900 8.14162 0.879952
2.0950 8.13983 0.866299
2.1000 8.13579 0.874204
2.1050 8.15264 0.890655
2.1100 8.19107 0.934739
2.1150 8.20151 0.924767
2.1200 8.21644 0.919084
2.1250 8.2306 0.93592
2.1300 8.21561 0.963193
2.1350 8.20587 0.999864
2.1400 8.20329 1.04584
2.1450 8.20002 1.10497
2.1500 8.19879 1.15616
2.1550 8.21276 1.22205
2.1600 8.22801 1.27963
2.1650 8.2339 1.33823
2.1700 8.23075 1.38383
2.1750 8.24343 1.41932
2.1800 8.24977 1.46725
2.1850 8.24843 1.49325
2.1900 8.23396 1.52032
2.1950 8.22188 1.52336
2.2000 8.19475 1.48588
2.2050 8.16348 1.38441
2.2100 8.11258 1.22207
2.2150 8.07741 1.03963
2.2200 8.0562 0.909621
2.2250 8.04365 0.876356
2.2300 8.03982 0.943952
2.2350 8.0566 1.0936
2.2400 8.08196 1.26189
2.2450 8.10722 1.38623
2.2500 8.14613 1.46381
2.2550 8.19908 1.5339
2.2600 8.24295 1.63653
2.2650 8.27846 1.79534
2.2700 8.31026 1.97469
2.2750 8.32626 2.12611
2.2800 8.33515 2.21526
2.2850 8.32058 2.20259
2.2900 8.27982 2.12965
2.2950 8.22409 2.01923
2.3000 8.16366 1.88415
2.3050 8.10037 1.75574
2.3100 8.04366 1.62449
2.3150 7.98073 1.50429
2.3200 7.94963 1.39374
2.3250 7.91187 1.30288
2.3300 7.89438 1.21762
2.3350 7.89589 1.16372
2.3400 7.8935 1.1637
2.3450 7.91405 1.19694
2.3500 7.94683 1.25412
2.3550 7.991 1.3262
2.3600 8.04808 1.42511
2.3650 8.09619 1.53055
2.3700 8.14882 1.64191
2.3750 8.20494 1.75941
2.3800 8.25558 1.87442
2.3850 8.29128 1.98557
2.3900 8.32079 2.08035
2.3950 8.34339 2.15641
2.4000 8.3477 2.19897
2.4050 8.3411 2.20421
2.4100 8.31102 2.1693
2.4150 8.26877 2.10378
2.4200 8.22212 2.02076
2.4250 8.17107 1.93206
2.4300 8.10329 1.83919
2.4350 8.04402 1.7781
2.4400 7.99198 1.72539
2.4450 7.96019 1.70712
2.4500 7.92493 1.71125
2.4550 7.91086 1.73797
2.4600 7.92033 1.76638
2.4650 7.93141 1.82025
2.4700 7.9535 1.89739
2.4750 7.98686 1.97721
2.4800 8.03617 2.06155
2.4850 8.07607 2.1612
2.4900 8.11261 2.24533
2.4950 8.13095 2.34444
2.5000 8.13064 2.42638
2.5050 8.1189 2.47661
2.5100 8.09694 2.5032
2.5150 8.06043 2.47857
2.5200 8.02235 2.4385
2.5250 7.98026 2.3831
2.5300 7.9345 2.32396
2.5350 7.89751 2.263
2.5400 7.87101 2.19822
2.5450 7.85398 2.10701
2.5500 7.85876 2.02232
2.5550 7.86075 1.94704
2.5600 7.87013 1.88992
2.5650 7.87574 1.85071
2.5700 7.89127 1.86364
2.5750 7.91537 1.93207
2.5800 7.95086 2.03927
2.5850 7.98904 2.16843
2.5900 8.03097 2.29657
2.5950 8.07898 2.42195
2.6000 8.12139 2.54085
2.6050 8.17469 2.64591
2.6100 8.20393 2.75808
2.6150 8.20566 2.84236
2.6200 8.1961 2.97011
2.6250 8.17324 3.05724
2.6300 8.15039 3.11039
2.6350 8.11372 3.09596
2.6400 8.0605 3.04851
2.6450 8.00396 2.96897
2.6500 7.94436 2.871
2.6550 7.86733 2.81032
2.6600 7.83593 2.73457
2.6650 7.82529 2.67056
2.6700 7.81167 2.59064
2.6750 7.80738 2.51842
2.6800 7.80199 2.45312
2.6850 7.80391 2.4216
2.6900 7.82725 2.42509
2.6950 7.86208 2.42724
2.7000 7.88724 2.44159
2.7050 7.92429 2.47843
2.7100 7.94295 2.53225
2.7150 7.9632 2.59993
2.7200 7.97506 2.67169
2.7250 7.99744 2.78172
2.7300 8.03698 2.8763
2.7350 8.04823 2.95354
2.7400 8.06014 3.02248
2.7450 8.08862 3.08574
2.7500 8.0876 3.12654
2.7550 8.06457 3.18171
2.7600 8.02735 3.22772
2.7650 7.99763 3.25306
2.7700 7.95482 3.24297
2.7750 7.89778 3.20464
2.7800 7.8365 3.137
2.7850 7.78533 3.07587
2.7900 7.73092 2.99896
2.7950 7.68627 2.94417
2.8000 7.65185 2.87698
2.8050 7.61787 2.80746
2.8100 7.58245 2.74702
2.8150 7.56886 2.69629
2.8200 7.55245 2.65647
2.8250 7.56871 2.65221
2.8300 7.59436 2.66173
2.8350 7.61383 2.6619
2.8400 7.61152 2.67458
2.8450 7.63271 2.69
2.8500 7.65582 2.70859
2.8550 7.6907 2.72852
2.8600 7.73156 2.73998
2.8650 7.75235 2.72967
2.8700 7.76375 2.71894
2.8750 7.76363 2.70812
2.8800 7.76468 2.71027
2.8850 7.76747 2.68922
2.8900 7.75934 2.6547
2.8950 7.74165 2.61709
2.9000 7.72113 2.60414
2.9050 7.71225 2.57892
2.9100 7.69187 2.51969
2.9150 7.65834 2.45687
2.9200 7.61164 2.37988
2.9250 7.56232 2.31398
2.9300 7.5441 2.27472
2.9350 7.52591 2.22524
2.9400 7.48394 2.1757
2.9450 7.45318 2.10935
2.9500 7.43431 2.05406
2.9550 7.41487 1.99909
2.9600 7.39848 1.94498
2.9650 7.38276 1.9012
2.9700 7.36693 1.85838
2.9750 7.35251 1.80488
2.9800 7.33588 1.74029
2.9850 7.33079 1.71072
2.9900 7.32365 1.70638
2.9950 7.32761 1.69259
3.0000 7.3335 1.68069
3.0050 7.33967 1.66903
3.0100 7.33587 1.65848
3.0150 7.33386 1.66084
3.0200 7.32951 1.65521
3.0250 7.31539 1.62744
3.0300 7.30195 1.57619
3.0350 7.30032 1.53387
3.0400 7.31031 1.50394
3.0450 7.30922 1.47696
3.0500 7.29766 1.45232
3.0550 7.2961 1.43075
3.0600 7.31795 1.39795
3.0650 7.31531 1.36306
3.0700 7.31404 1.3272
3.0750 7.32472 1.31536
3.0800 7.32482 1.29222
3.0850 7.31538 1.25788
3.0900 7.31842 1.22457
3.0950 7.32153 1.16915
3.1000 7.30074 1.09941
3.1050 7.27584 1.05275
3.1100 7.25976 1.00717
3.1150 7.24499 0.962008
3.1200 7.2414 0.929463
3.1250 7.24699 0.898043
3.1300 7.24479 0.89121
3.1350 7.25661 0.875093
3.1400 7.2592 0.848403
3.1450 7.26209 0.821119
3.1500 7.2529 0.793412
3.1550 7.24268 0.754096
3.1600 7.23285 0.728317
3.1650 7.23475 0.693987
3.1700 7.22575 0.647201
3.1750 7.20522 0.58486
3.1800 7.1819 0.521959
3.1850 7.17021 0.470247
3.1900 7.1595 0.432866
3.1950 7.14974 0.395988
3.2000 7.15142 0.334872
3.2050 7.15132 0.274197
3.2100 7.15151 0.212482
3.2150 7.15169 0.162021
3.2200 7.15265 0.112766
3.2250 7.15608 0.0631234
3.2300 7.15937 0.0256329
3.2350 7.16269 -0.0112548
3.2400 7.15368 -0.0460412
3.2450 7.16532 -0.0659258
3.2500 7.17435 -0.0592342
3.2550 7.20632 -0.0385475
3.2600 7.232 -0.0398839
3.2650 7.24723 -0.0648082
3.2700 7.23981 -0.0785735
3.2750 7.24667 -0.101127
3.2800 7.26695 -0.120326
3.2850 7.27555 -0.151292
3.2900 7.27296 -0.207696
3.2950 7.2585 -0.280521
3.3000 7.25549 -0.353447
3.3050 7.21586 -0.440545
3.3100 7.18743 -0.505823
3.3150 7.16796 -0.55897
3.3200 7.14752 -0.599628
3.3250 7.13958 -0.639113
3.3300 7.12922 -0.665839
3.3350 7.13305 -0.691935
3.3400 7.12331 -0.716771
3.3450 7.13556 -0.715355
3.3500 7.1493 -0.700538
3.3550 7.16354 -0.681852
3.3600 7.17589 -0.659412
3.3650 7.17592 -0.62339
3.3700 7.18831 -0.59422
3.3750 7.19179 -0.574703
3.3800 7.19538 -0.531359
3.3850 7.21067 -0.496592
3.3900 7.21732 -0.482226
3.3950 7.22511 -0.466335
3.4000 7.22244 -0.472053
3.4050 7.19664 -0.479622
3.4100 7.16767 -0.486304
3.4150 7.13638 -0.503257
3.4200 7.1138 -0.531146
3.4250 7.10197 -0.558878
3.4300 7.06785 -0.599772
3.4350 7.04621 -0.619674
3.4400 7.02433 -0.65127
3.4450 7.00259 -0.683165
3.4500 6.97206 -0.728304
3.4550 6.92914 -0.797587
3.4600 6.87431 -0.871372
3.4650 6.82808 -0.935356
3.4700 6.77925 -0.99654
3.4750 6.75064 -1.05537
3.4800 6.74599 -1.1136
3.4850 6.75263 -1.17387
3.4900 6.76159 -1.23655
3.4950 6.74923 -1.30207
3.5000 6.75147 -1.36848
3.5050 6.76661 -1.4443
3.5100 6.78259 -1.50893
3.5150 6.80073 -1.58827
3.5200 6.79356 -1.6559
3.5250 6.79667 -1.72343
3.5300 6.8114 -1.77899
3.5350 6.83787 -1.83296
3.5400 6.86649 -1.87505
3.5450 6.89496 -1.90243
3.5500 6.93382 -1.90482
3.5550 6.97303 -1.89334
3.5600 7.01424 -1.87896
3.5650 7.04509 -1.88506
3.5700 7.06648 -1.89184
3.5750 7.0781 -1.9091
3.5800 7.08991 -1.91214
3.5850 7.09002 -1.93701
3.5900 7.0917 -1.97224
3.5950 7.08162 -2.03256
3.6000 7.05976 -2.09517
3.6050 7.06276 -2.15923
3.6100 7.03004 -2.25127
3.6150 6.99544 -2.3337
3.6200 6.95897 -2.4169
3.6250 6.92183 -2.49007
3.6300 6.89439 -2.54955
3.6350 6.85106 -2.60988
3.6400 6.81906 -2.65867
3.6450 6.80042 -2.69649
3.6500 6.79466 -2.72135
3.6550 6.7887 -2.73313
3.6600 6.78281 -2.7438
3.6650 6.77743 -2.75284
3.6700 6.77405 -2.7715
3.6750 6.78166 -2.77824
3.6800 6.78881 -2.79336
3.6850 6.78468 -2.80778
3.6900 6.78913 -2.83104
3.6950 6.79372 -2.85379
3.7000 6.80742 -2.87477
3.7050 6.82019 -2.90636
3.7100 6.83273 -2.92607
3.7150 6.84594 -2.94367
3.7200 6.86098 -2.97214
3.7250 6.86804 -3.00009
3.7300 6.88515 -3.04043
3.7350 6.89365 -3.07078
3.7400 6.889 -3.11301
3.7450 6.88413 -3.15575
3.7500 6.88103 -3.19955
3.7550 6.87609 -3.23175
3.7600 6.87185 -3.26456
3.7650 6.85782 -3.30908
3.7700 6.845 -3.35422
3.7750 6.8318 -3.40106
3.7800 6.81947 -3.4372
3.7850 6.7946 -3.46215
3.7900 6.76979 -3.49864
3.7950 6.75433 -3.54533
3.8000 6.73782 -3.60503
3.8050 6.72003 -3.65432
3.8100 6.70135 -3.71737
3.8150 6.6907 -3.74469
3.8200 6.67878 -3.74575
3.8250 6.68615 -3.73106
3.8300 6.69355 -3.7132
3.8350 6.71373 -3.70517
3.8400 6.72576 -3.69692
3.8450 6.75228 -3.68807
3.8500 6.76949 -3.67766
3.8550 6.77764 -3.67698
3.8600 6.78771 -3.68732
3.8650 6.7853 -3.69803
3.8700 6.77427 -3.72218
3.8750 6.76296 -3.75909
3.8800 6.75011 -3.79657
3.8850 6.73798 -3.83525
3.8900 6.72427 -3.876
3.8950 6.69978 -3.91869
3.9000 6.68564 -3.94913
3.9050 6.68123 -3.97898
3.9100 6.67532 -4.02013
3.9150 6.66853 -4.05045
3.9200 6.66252 -4.08223
3.9250 6.66825 -4.10085
3.9300 6.67297 -4.10677
3.9350 6.67832 -4.111
3.9400 6.69318 -4.11556
3.9450 6.69728 -4.14539
3.9500 6.70191 -4.18627
3.9550 6.70732 -4.2047
3.9600 6.71085 -4.23269
3.9650 6.71437 -4.25038
3.9700 6.72721 -4.2791
3.9750 6.74058 -4.30881
3.9800 6.74302 -4.32842
3.9850 6.75582 -4.33404
3.9900 6.76933 -4.32634
3.9950 6.78492 -4.31801
4.0000 6.79181 -4.32136
4.0050 6.79777 -4.32616
4.0100 6.8061 -4.32005
4.0150 6.81534 -4.31093
4.0200 6.82544 -4.32388
4.0250 6.8256 -4.34017
4.0300 6.80281 -4.39506
4.0350 6.77864 -4.44129
4.0400 6.77644 -4.45046
4.0450 6.7735 -4.48232
4.0500 6.76947 -4.52612
4.0550 6.75214 -4.57294
4.0600 6.74225 -4.60883
4.0650 6.74365 -4.64453
4.0700 6.72046 -4.67907
4.0750 6.71945 -4.67965
4.0800 6.75112 -4.632
4.0850 6.77094 -4.59138
4.0900 6.80197 -4.52425
4.0950 6.82474 -4.47785
4.1000 6.86269 -4.45442
4.1050 6.89345 -4.44306
4.1100 6.91553 -4.40734
4.1150 6.93086 -4.40718
4.1200 6.93474 -4.41939
4.1250 6.92514 -4.45693
4.1300 6.91441 -4.49705
4.1350 6.90219 -4.55275
4.1400 6.88763 -4.62457
4.1450 6.84883 -4.71611
4.1500 6.81883 -4.78585
4.1550 6.81052 -4.85352
4.1600 6.78968 -4.91266
4.1650 6.77656 -4.91366
4.1700 6.79715 -4.9118
4.1750 6.80682 -4.91009
4.1800 6.81875 -4.89449
4.1850 6.83246 -4.8541
4.1900 6.84436 -4.78817
4.1950 6.86808 -4.67235
4.2000 6.9027 -4.55093
4.2050 6.92987 -4.42563
4.2100 6.96035 -4.30756
4.2150 6.98463 -4.19572
4.2200 7.012 -4.09124
4.2250 7.01832 -4.0078
4.2300 7.01308 -3.95872
4.2350 6.99488 -3.92438
4.2400 6.96233 -3.91543
4.2450 6.91662 -3.93198
4.2500 6.86835 -3.95104
4.2550 6.83096 -3.98631
4.2600 6.77868 -4.02709
4.2650 6.73571 -4.09789
4.2700 6.69093 -4.18354
4.2750 6.65496 -4.24706
4.2800 6.61663 -4.30092
4.2850 6.6116 -4.33156
4.2900 6.57015 -4.40015
4.2950 6.58289 -4.36449
4.3000 6.62659 -4.27354
4.3050 6.66786 -4.16412
4.3100 6.71236 -4.05125
4.3150 6.77273 -3.93581
4.3200 6.83779 -3.82988
4.3250 6.8988 -3.71829
4.3300 6.95379 -3.60194
4.3350 7.00186 -3.51809
4.3400 7.04082 -3.45626
4.3450 7.05923 -3.41921
4.3500 7.06687 -3.40937
4.3550 7.07278 -3.41283
4.3600 7.06607 -3.43253
4.3650 7.05717 -3.46639
4.3700 7.04532 -3.50344
4.3750 7.03247 -3.54352
4.3800 7.02839 -3.5723
4.3850 7.02434 -3.58055
4.3900 7.01835 -3.56413
4.3950 7.02458 -3.54813
4.4000 7.02201 -3.53216
4.4050 7.01619 -3.50471
4.4100 7.01044 -3.47698
4.4150 7.00618 -3.43803
4.4200 6.98806 -3.38584
4.4250 6.96834 -3.33332
4.4300 6.96056 -3.29073
4.4350 6.95344 -3.2362
4.4400 6.94467 -3.19224
4.4450 6.93604 -3.14781
4.4500 6.92624 -3.10337
4.4550 6.91921 -3.07111
4.4600 6.92258 -3.04993
4.4650 6.92599 -3.01821
4.4700 6.91745 -2.99634
4.4750 6.91968 -2.97518
4.4800 6.92302 -2.95403
4.4850 6.93824 -2.94447
4.4900 6.9424 -2.94857
4.4950 6.94707 -2.95514
4.5000 6.95213 -2.96276
4.5050 6.95855 -2.98328
4.5100 6.97555 -2.99254
4.5150 6.98111 -3.00181
4.5200 6.99824 -2.99985
4.5250 7.01597 -3.01153
4.5300 7.03455 -3.00081
4.5350 7.04298 -3.00232
4.5400 7.05029 -2.9912
4.5450 7.06045 -2.98093
4.5500 7.0594 -2.98435
4.5550 7.04428 -2.98921
4.5600 7.01719 -3.01862
4.5650 7.00079 -3.024
4.5700 6.98214 -3.01716
4.5750 6.97179 -3.00936
4.5800 6.94918 -3.0027
4.5850 6.92618 -2.99602
4.5900 6.92374 -2.96355
4.5950 6.92134 -2.92948
4.6000 6.9303 -2.88178
4.6050 6.94056 -2.82209
4.6100 6.94243 -2.77289
4.6150 6.95765 -2.73396
4.6200 6.97287 -2.70469
4.6250 6.98012 -2.68864
4.6300 6.97795 -2.68579
4.6350 6.96588 -2.69781
4.6400 6.95332 -2.72221
4.6450 6.93603 -2.73323
4.6500 6.93049 -2.74466
4.6550 6.92297 -2.76935
4.6600 6.91451 -2.78597
4.6650 6.91653 -2.8055
4.6700 6.90655 -2.81257
4.6750 6.91896 -2.81809
4.6800 6.92217 -2.82298
4.6850 6.92405 -2.81592
4.6900 6.94821 -2.81054
4.6950 6.96158 -2.79348
4.7000 6.97609 -2.77489
4.7050 6.99373 -2.75632
4.7100 7.0106 -2.73886
4.7150 7.01792 -2.73358
4.7200 7.02838 -2.72866
4.7250 7.02553 -2.73289
4.7300 7.0238 -2.73848
4.7350 7.0213 -2.74483
4.7400 7.01652 -2.75077
4.7450 7.01017 -2.75786
4.7500 7.00328 -2.74114
4.7550 6.99614 -2.72485
4.7600 7.00174 -2.7204
4.7650 6.99796 -2.71452
4.7700 7.0075 -2.70861
4.7750 7.00668 -2.69086
4.7800 7.01608 -2.69668
4.7850 7.0024 -2.70281
4.7900 6.97569 -2.72017
4.7950 6.95962 -2.73927
4.8000 6.94107 -2.76039
4.8050 6.92147 -2.78187
4.8100 6.91245 -2.81712
4.8150 6.91554 -2.85432
4.8200 6.90624 -2.88075
4.8250 6.90955 -2.90705
4.8300 6.90022 -2.93287
4.8350 6.90132 -2.93478
4.8400 6.90245 -2.9255
4.8450 6.90225 -2.91324
4.8500 6.91427 -2.88891
4.8550 6.92659 -2.88807
4.8600 6.93925 -2.86474
4.8650 6.95395 -2.84128
4.8700 6.97142 -2.80409
4.8750 6.97952 -2.77576
4.8800 6.97657 -2.75843
4.8850 6.97378 -2.76462
4.8900 6.96785 -2.77188
4.8950 6.96176 -2.78055
4.9000 6.9431 -2.79029
4.9050 6.93662 -2.80011
4.9100 6.92781 -2.81029
4.9150 6.93138 -2.82097
4.9200 6.93643 -2.8325
4.9250 6.92994 -2.85603
4.9300 6.92361 -2.86876
4.9350 6.91628 -2.88207
4.9400 6.90716 -2.87149
4.9450 6.92079 -2.85922
4.9500 6.92209 -2.84568
4.9550 6.92237 -2.81999
4.9600 6.9338 -2.80465
4.9650 6.94563 -2.78775
4.9700 6.94813 -2.78218
4.9750 6.95264 -2.76546
4.9800 6.95779 -2.76118
4.9850 6.95327 -2.76991
4.9900 6.9497 -2.79152
4.9950 6.94503 -2.82601
5.0000 6.94108 -2.85101
5.0050 6.93549 -2.87658
5.0100 6.93986 -2.90468
5.0150 6.94507 -2.93344
5.0200 6.96449 -2.94982
5.0250 6.99461 -2.95269
5.0300 7.06496 -2.96714
5.0350 7.15186 -2.96057
5.0400 7.23183 -2.95528
5.0450 7.30324 -2.93557
5.0500 7.3524 -2.93554
5.0550 7.41044 -2.9329
5.0600 7.4446 -2.94554
5.0650 7.46483 -2.95986
5.0700 7.45918 -2.975
5.0750 7.47115 -3.00006
5.0800 7.48336 -3.01457
5.0850 7.50878 -3.01881
5.0900 7.53965 -3.00002
5.0950 7.56197 -3.00369
5.1000 7.58632 -3.0178
5.1050 7.60141 -3.03391
5.1100 7.60724 -3.05319
5.1150 7.61331 -3.0595
5.1200 7.61758 -3.05388
5.1250 7.62207 -3.05825
5.1300 7.62372 -3.05133
5.1350 7.61305 -3.02059
5.1400 7.59828 -2.97527
5.1450 7.55718 -2.94048
5.1500 7.50965 -2.91495
5.1550 7.45697 -2.90203
5.1600 7.40196 -2.89026
5.1650 7.35767 -2.87942
5.1700 7.31384 -2.85664
5.1750 7.28238 -2.84385
5.1800 7.26339 -2.84007
5.1850 7.23361 -2.84851
5.1900 7.2066 -2.85976
5.1950 7.18057 -2.86071
5.2000 7.16562 -2.85039
5.2050 7.14853 -2.83979
5.2100 7.11908 -2.82798
5.2150 7.10283 -2.8165
5.2200 7.09799 -2.79326
5.2250 7.10372 -2.77117
5.2300 7.10965 -2.73705
5.2350 7.11743 -2.69034
5.2400 7.12659 -2.65461
5.2450 7.13603 -2.61855
5.2500 7.13419 -2.59239
5.2550 7.14568 -2.55331
5.2600 7.15871 -2.51379
5.2650 7.15105 -2.48536
5.2700 7.14551 -2.46927
5.2750 7.14086 -2.47761
5.2800 7.13576 -2.48773
5.2850 7.12217 -2.47572
5.2900 7.10826 -2.4755
5.2950 7.09472 -2.48709
5.3000 7.06807 -2.50111
5.3050 7.05199 -2.52854
5.3100 7.03516 -2.5583
5.3150 7.01864 -2.56572
5.3200 7.00139 -2.54919
5.3250 6.9842 -2.53222
5.3300 6.97645 -2.51366
5.3350 6.96965 -2.49239
5.3400 6.96014 -2.47139
5.3450 6.93828 -2.46239
5.3500 6.91631 -2.44351
5.3550 6.90625 -2.42458
5.3600 6.90931 -2.3948
5.3650 6.91606 -2.34175
5.3700 6.92837 -2.24861
5.3750 6.91892 -2.18061
5.3800 6.8966 -2.20167
5.3850 6.86891 -2.27312
5.3900 6.82666 -2.35935
5.3950 6.79629 -2.37793
5.4000 6.7669 -2.32149
5.4050 6.74865 -2.25254
5.4100 6.73197 -2.21224
5.4150 6.72939 -2.20981
5.4200 6.72902 -2.20511
5.4250 6.72154 -2.20173
5.4300 6.69028 -2.19237
5.4350 6.64308 -2.20292
5.4400 6.60465 -2.22633
5.4450 6.57503 -2.25623
5.4500 6.54454 -2.2661
5.4550 6.51377 -2.25053
5.4600 6.49414 -2.25668
5.4650 6.47472 -2.26298
5.4700 6.46764 -2.2713
5.4750 6.47327 -2.2694
5.4800 6.46944 -2.243
5.4850 6.46614 -2.20274
5.4900 6.46249 -2.17232
5.4950 6.45701 -2.15219
5.5000 6.45121 -2.14279
5.5050 6.44591 -2.10994
5.5100 6.44163 -2.08861
5.5150 6.43843 -2.05387
5.5200 6.43657 -2.04195
5.5250 6.43905 -2.03057
5.5300 6.43233 -2.03269
5.5350 6.4263 -2.03533
5.5400 6.41018 -2.05034
5.5450 6.38329 -2.07837
5.5500 6.35253 -2.13297
5.5550 6.3089 -2.16753
5.5600 6.2729 -2.19103
5.5650 6.23413 -2.20063
5.5700 6.20487 -2.20862
5.5750 6.18744 -2.20556
5.5800 6.18174 -2.21644
5.5850 6.16795 -2.21782
5.5900 6.16807 -2.19544
5.5950 6.15854 -2.17182
5.6000 6.14853 -2.15618
5.6050 6.12543 -2.13943
5.6100 6.10284 -2.13346
5.6150 6.0897 -2.12735
5.6200 6.0771 -2.1104
5.6250 6.07593 -2.09317
5.6300 6.0641 -2.07475
5.6350 6.0534 -2.05545
5.6400 6.04343 -2.05975
5.6450 6.03463 -2.05319
5.6500 6.01634 -2.05872
5.6550 5.99711 -2.05271
5.6600 5.96513 -2.05954
5.6650 5.92058 -2.07902
5.6700 5.88558 -2.09909
5.6750 5.84916 -2.10784
5.6800 5.82344 -2.1177
5.6850 5.79547 -2.11447
5.6900 5.76875 -2.11166
5.6950 5.76414 -2.09614
5.7000 5.76077 -2.06893
5.7050 5.75826 -2.04088
5.7100 5.75763 -2.00094
5.7150 5.74825 -1.97051
5.7200 5.75084 -1.93882
5.7250 5.7536 -1.91811
5.7300 5.74395 -1.89677
5.7350 5.73534 -1.88764
5.7400 5.73989 -1.89108
5.7450 5.73266 -1.90721
5.7500 5.73829 -1.91293
5.7550 5.73273 -1.94403
5.7600 5.72828 -1.9643
5.7650 5.72537 -1.99732
5.7700 5.7216 -2.03089
5.7750 5.70632 -2.04214
5.7800 5.69105 -2.06594
5.7850 5.68617 -2.09044
5.7900 5.67971 -2.1021
5.7950 5.66047 -2.09043
5.8000 5.66342 -2.07944
5.8050 5.66584 -2.04314
5.8100 5.66933 -2.01522
5.8150 5.67428 -1.98528
5.8200 5.66837 -1.96661
5.8250 5.66378 -1.95844
5.8300 5.67099 -1.95171
5.8350 5.66684 -1.95753
5.8400 5.66316 -1.95267
5.8450 5.64802 -1.9716
5.8500 5.62082 -1.97712
5.8550 5.59267 -1.9709
5.8600 5.57526 -1.98937
5.8650 5.55742 -2.00893
5.8700 5.52622 -2.03087
5.8750 5.50745 -2.04087
5.8800 5.50055 -2.06215
5.8850 5.49354 -2.07212
5.8900 5.47668 -2.07241
5.8950 5.4561 -2.0831
5.9000 5.42489 -2.08158
5.9050 5.40586 -2.0677
5.9100 5.38608 -2.05156
5.9150 5.36507 -2.03536
5.9200 5.34138 -2.02845
5.9250 5.30666 -2.01185
5.9300 5.25617 -2.00643
5.9350 5.21384 -2.01109
5.9400 5.19331 -2.01556
5.9450 5.17577 -1.98861
5.9500 5.14531 -1.95893
5.9550 5.12702 -1.92444
5.9600 5.10982 -1.888
5.9650 5.08221 -1.87491
5.9700 5.05477 -1.87486
5.9750 5.02637 -1.87559
5.9800 5.01038 -1.8777
5.9850 4.98051 -1.88984
5.9900 4.96293 -1.8911
5.9950 4.94429 -1.90498
6.0000 4.94934 -1.89611
6.0050 4.94192 -1.89903
6.0100 4.93372 -1.90092
6.0150 4.92435 -1.92651
6.0200 4.94109 -1.94286
6.0250 4.94785 -1.9494
6.0300 4.95329 -1.95498
6.0350 4.96038 -1.97133
6.0400 4.97988 -1.98713
6.0450 5.00299 -2.00441
6.0500 5.01468 -2.02304
6.0550 5.026 -2.03938
6.0600 5.04803 -2.04472
6.0650 5.08217 -2.06241
6.0700 5.11894 -2.06987
6.0750 5.16923 -2.07785
6.0800 5.20996 -2.09737
6.0850 5.26546 -2.09475
6.0900 5.30947 -2.09139
6.0950 5.36584 -2.08772
6.1000 5.4123 -2.08338
6.1050 5.44782 -2.09043
6.1100 5.48432 -2.10877
6.1150 5.50834 -2.1161
6.1200 5.54267 -2.11041
6.1250 5.57768 -2.09291
6.1300 5.59933 -2.07312
6.1350 5.62124 -2.06406
6.1400 5.63122 -2.05386
6.1450 5.64221 -2.05603
6.1500 5.65253 -2.06998
6.1550 5.65048 -2.07256
6.1600 5.64728 -2.10022
6.1650 5.64393 -2.12837
6.1700 5.6389 -2.14622
6.1750 5.63227 -2.15161
6.1800 5.63723 -2.18125
6.1850 5.65332 -2.19841
6.1900 5.65716 -2.20543
6.1950 5.66243 -2.22487
6.2000 5.68087 -2.23352
6.2050 5.69968 -2.2415
6.2100 5.7067 -2.26125
6.2150 5.72515 -2.29292
6.2200 5.732 -2.31379
6.2250 5.73813 -2.32341
6.2300 5.74238 -2.33332
6.2350 5.75668 -2.33146
6.2400 5.75773 -2.34007
6.2450 5.77153 -2.34801
6.2500 5.78476 -2.34356
6.2550 5.80872 -2.3261
6.2600 5.83318 -2.30791
6.2650 5.85891 -2.28955
6.2700 5.87451 -2.28204
6.2750 5.89174 -2.26136
6.2800 5.89816 -2.26472
6.2850 5.90287 -2.28043
6.2900 5.90886 -2.29787
6.2950 5.91262 -2.33951
6.3000 5.91643 -2.37186
6.3050 5.91979 -2.41714
6.3100 5.92327 -2.45024
6.3150 5.93934 -2.47225
6.3200 5.94241 -2.48237
6.3250 5.95741 -2.4916
6.3300 5.972 -2.47672
6.3350 5.97443 -2.44989
6.3400 5.97341 -2.41904
6.3450 5.98284 -2.38603
6.3500 5.99492 -2.35124
6.3550 6.00805 -2.31662
6.3600 6.02111 -2.30323
6.3650 6.02423 -2.27787
6.3700 6.02706 -2.26387
6.3750 6.03116 -2.27498
6.3800 6.03353 -2.29754
6.3850 6.03542 -2.32259
6.3900 6.03866 -2.33679
6.3950 6.04079 -2.36302
6.4000 6.05363 -2.3904
6.4050 6.06612 -2.419
6.4100 6.08768 -2.46072
6.4150 6.09883 -2.47998
6.4200 6.1131 -2.49975
6.4250 6.12697 -2.51926
6.4300 6.15187 -2.51408
6.4350 6.17842 -2.50895
6.4400 6.19425 -2.50323
6.4450 6.22112 -2.48599
6.4500 6.24775 -2.48
6.4550 6.26439 -2.48398
6.4600 6.28129 -2.47568
6.4650 6.29872 -2.46763
6.4700 6.31591 -2.45921
6.4750 6.33266 -2.46345
6.4800 6.35142 -2.45609
6.4850 6.38257 -2.448
6.4900 6.40263 -2.44056
6.4950 6.43582 -2.45462
6.5000 6.48334 -2.45738
6.5050 6.53373 -2.46306
6.5100 6.57397 -2.46992
6.5150 6.62703 -2.48646
6.5200 6.67172 -2.51653
6.5250 6.71696 -2.54776
6.5300 6.77123 -2.57795
6.5350 6.82888 -2.59967
6.5400 6.87555 -2.63409
6.5450 6.92174 -2.64596
6.5500 6.94459 -2.6707
6.5550 6.97807 -2.68273
6.5600 6.99913 -2.71879
6.5650 7.01873 -2.72004
6.5700 7.02659 -2.73348
6.5750 7.03085 -2.7328
6.5800 7.03629 -2.70989
6.5850 7.03966 -2.6854
6.5900 7.01958 -2.65937
6.5950 7.0003 -2.63299
6.6000 6.96939 -2.59371
6.6050 6.92415 -2.55286
6.6100 6.85211 -2.52139
6.6150 6.77503 -2.49939
6.6200 6.69519 -2.46673
6.6250 6.6127 -2.44513
6.6300 6.52571 -2.41145
6.6350 6.43558 -2.38684
6.6400 6.35519 -2.36082
6.6450 6.28621 -2.33535
6.6500 6.21739 -2.29846
6.6550 6.16011 -2.28526
6.6600 6.10384 -2.27026
6.6650 6.05776 -2.25519
6.6700 6.02238 -2.26387
6.6750 5.98746 -2.26326
6.6800 5.96445 -2.27479
6.6850 5.94136 -2.27519
6.6900 5.9312 -2.26453
6.6950 5.92238 -2.26707
6.7000 5.92707 -2.2588
6.7050 5.94715 -2.26194
6.7100 5.95879 -2.26464
6.7150 5.9706 -2.27994
6.7200 5.98455 -2.3085
6.7250 5.99823 -2.36248
6.7300 5.99945 -2.42868
6.7350 6.00886 -2.50755
6.7400 6.01474 -2.5699
6.7450 6.02048 -2.59213
6.7500 6.03464 -2.54632
6.7550 6.05054 -2.45843
6.7600 6.0668 -2.36034
6.7650 6.09428 -2.28842
6.7700 6.11418 -2.238
6.7750 6.12865 -2.19084
6.7800 6.1369 -2.13445
6.7850 6.12926 -2.065
6.7900 6.10074 -2.00096
6.7950 6.06004 -1.95595
6.8000 6.00573 -1.95877
6.8050 5.93577 -2.00192
6.8100 5.86312 -2.07672
6.8150 5.77349 -2.17
6.8200 5.69253 -2.24373
6.8250 5.62114 -2.30709
6.8300 5.56099 -2.34443
6.8350 5.52425 -2.36984
6.8400 5.49738 -2.40601
6.8450 5.49374 -2.43016
6.8500 5.49059 -2.43258
6.8550 5.49853 -2.42228
6.8600 5.51679 -2.3984
6.8650 5.54543 -2.359
6.8700 5.57507 -2.31584
6.8750 5.61632 -2.27129
6.8800 5.64967 -2.22567
6.8850 5.68707 -2.17851
6.8900 5.71778 -2.14142
6.8950 5.75062 -2.10242
6.9000 5.7758 -2.07487
6.9050 5.79102 -2.07078
6.9100 5.79595 -2.0683
6.9150 5.77662 -2.08862
6.9200 5.74666 -2.12527
6.9250 5.72696 -2.16366
6.9300 5.69427 -2.21742
6.9350 5.6589 -2.26016
6.9400 5.6105 -2.3049
6.9450 5.56125 -2.33926
6.9500 5.52339 -2.35121
6.9550 5.48593 -2.35226
6.9600 5.44683 -2.36472
6.9650 5.40608 -2.38839
6.9700 5.37549 -2.39971
6.9750 5.35341 -2.41073
6.9800 5.33063 -2.41008
6.9850 5.31838 -2.38523
6.9900 5.30666 -2.35839
6.9950 5.31811 -2.31827
7.0000 5.32889 -2.28728
7.0050 5.34185 -2.25485
7.0100 5.36939 -2.22193
7.0150 5.39638 -2.18756
7.0200 5.42641 -2.15202
7.0250 5.4569 -2.1274
7.0300 5.49052 -2.11497
7.0350 5.52642 -2.11394
7.0400 5.56385 -2.12512
7.0450 5.59094 -2.12596
7.0500 5.60641 -2.12831
7.0550 5.62075 -2.15365
7.0600 5.63619 -2.17893
7.0650 5.65226 -2.21891
7.0700 5.65675 -2.2489
7.0750 5.64886 -2.25718
7.0800 5.62581 -2.27663
7.0850 5.62356 -2.29608
7.0900 5.6215 -2.31739
7.0950 5.64248 -2.31595
7.1000 5.66519 -2.30184
7.1050 5.67875 -2.25117
7.1100 5.69076 -2.21852
7.1150 5.71356 -2.19585
7.1200 5.73805 -2.16639
7.1250 5.74906 -2.13474
7.1300 5.76141 -2.11171
7.1350 5.78892 -2.0872
7.1400 5.8208 -2.06404
7.1450 5.83339 -2.05436
7.1500 5.82432 -2.04337
7.1550 5.80169 -2.05503
7.1600 5.75152 -2.10308
7.1650 5.70821 -2.17885
7.1700 5.64843 -2.25998
7.1750 5.58462 -2.3082
7.1800 5.51879 -2.35648
7.1850 5.4642 -2.39188
7.1900 5.41058 -2.43806
7.1950 5.35877 -2.47319
7.2000 5.30775 -2.5107
7.2050 5.24606 -2.53975
7.2100 5.18297 -2.56876
7.2150 5.11771 -2.59816
7.2200 5.038 -2.62838
7.2250 4.96561 -2.6714
7.2300 4.8926 -2.71662
7.2350 4.82777 -2.74877
7.2400 4.77254 -2.76896
7.2450 4.71632 -2.78953
7.2500 4.66987 -2.79765
7.2550 4.64621 -2.79316
7.2600 4.62201 -2.76415
7.2650 4.61038 -2.72298
7.2700 4.59952 -2.65822
7.2750 4.59104 -2.57751
7.2800 4.58327 -2.50299
7.2850 4.56664 -2.43736
7.2900 4.54882 -2.34916
7.2950 4.53134 -2.27003
7.3000 4.50135 -2.18583
7.3050 4.47116 -2.13212
7.3100 4.43689 -2.10084
7.3150 4.41305 -2.09452
7.3200 4.39965 -2.0898
7.3250 4.38588 -2.08709
7.3300 4.3833 -2.08648
7.3350 4.38111 -2.0978
7.3400 4.40308 -2.09745
7.3450 4.43915 -2.12212
7.3500 4.47822 -2.13685
7.3550 4.5322 -2.16519
7.3600 4.58838 -2.18412
7.3650 4.64736 -2.20502
7.3700 4.71062 -2.22651
7.3750 4.77282 -2.23687
7.3800 4.83758 -2.24773
7.3850 4.89995 -2.24738
7.3900 4.96304 -2.23533
7.3950 5.03875 -2.19925
7.4000 5.11383 -2.17425
7.4050 5.19084 -2.13542
7.4100 5.26905 -2.08299
7.4150 5.33807 -2.02874
7.4200 5.39869 -1.98464
7.4250 5.46029 -1.95113
7.4300 5.49858 -1.91749
7.4350 5.53963 -1.90611
7.4400 5.56793 -1.90687
7.4450 5.59473 -1.90811
7.4500 5.6211 -1.92205
7.4550 5.63502 -1.96057
7.4600 5.64842 -2.00168
7.4650 5.6617 -2.04663
7.4700 5.67367 -2.08067
7.4750 5.67154 -2.12831
7.4800 5.68224 -2.16488
7.4850 5.6899 -2.20185
7.4900 5.69736 -2.20637
7.4950 5.71349 -2.21082
7.5000 5.72958 -2.20303
7.5050 5.74339 -2.18278
7.5100 5.75991 -2.17324
7.5150 5.77445 -2.13982
7.5200 5.79135 -2.10296
7.5250 5.79691 -2.06452
7.5300 5.80293 -2.03595
7.5350 5.80847 -2.01938
7.5400 5.81329 -2.01447
7.5450 5.81901 -2.01055
7.5500 5.8126 -2.00537
7.5550 5.81653 -2.00045
7.5600 5.81925 -2.00829
7.5650 5.80906 -2.02875
7.5700 5.79756 -2.04977
7.5750 5.79801 -2.06991
7.5800 5.80983 -2.09164
7.5850 5.80833 -2.10389
7.5900 5.82009 -2.11701
7.5950 5.84431 -2.13059
7.6000 5.86962 -2.14499
7.6050 5.89482 -2.15865
7.6100 5.91045 -2.17344
7.6150 5.93442 -2.19907
7.6200 5.96865 -2.21457
7.6250 5.99008 -2.24295
7.6300 5.99992 -2.27166
7.6350 6.03107 -2.28728
7.6400 6.07173 -2.29057
7.6450 6.11495 -2.29437
7.6500 6.17281 -2.28748
7.6550 6.24412 -2.28013
7.6600 6.31954 -2.26057
7.6650 6.38663 -2.25215
7.6700 6.44428 -2.24246
7.6750 6.47938 -2.23273
7.6800 6.52838 -2.22173
7.6850 6.56259 -2.22127
7.6900 6.58636 -2.22194
7.6950 6.61926 -2.21037
7.7000 6.62953 -2.20098
7.7050 6.63753 -2.18878
7.7100 6.64469 -2.17678
7.7150 6.63914 -2.17622
7.7200 6.64553 -2.16339
7.7250 6.63797 -2.16221
7.7300 6.62841 -2.15914
7.7350 6.60465 -2.1447
7.7400 6.59079 -2.1414
7.7450 6.55301 -2.13925
7.7500 6.5152 -2.1493
7.7550 6.47486 -2.14738
7.7600 6.44422 -2.16869
7.7650 6.40061 -2.19177
7.7700 6.35621 -2.21513
7.7750 6.32167 -2.24081
7.7800 6.29854 -2.25458
7.7850 6.28727 -2.27033
7.7900 6.27696 -2.2859
7.7950 6.26586 -2.28909
7.8000 6.26744 -2.29233
7.8050 6.26649 -2.29574
7.8100 6.26619 -2.30032
7.8150 6.26747 -2.30446
7.8200 6.28077 -2.29687
7.8250 6.29732 -2.27819
7.8300 6.31301 -2.27015
7.8350 6.32891 -2.23856
7.8400 6.34625 -2.21677
7.8450 6.35444 -2.20648
7.8500 6.37282 -2.20751
7.8550 6.35719 -2.20794
7.8600 6.3515 -2.19896
7.8650 6.35767 -2.19021
7.8700 6.36291 -2.1697
7.8750 6.3687 -2.16065
7.8800 6.38603 -2.13949
7.8850 6.40413 -2.11806
7.8900 6.42354 -2.09509
7.8950 6.44343 -2.05986
7.9000 6.46592 -2.03703
7.9050 6.48782 -2.01471
7.9100 6.49859 -1.99007
7.9150 6.50791 -1.96449
7.9200 6.51681 -1.93746
7.9250 6.52556 -1.92121
7.9300 6.53317 -1.89338
7.9350 6.54165 -1.90243
7.9400 6.5398 -1.88911
7.9450 6.52483 -1.88851
7.9500 6.51118 -1.87636
7.9550 6.49739 -1.88667
7.9600 6.49331 -1.8851
7.9650 6.48799 -1.89633
7.9700 6.47119 -1.91101
7.9750 6.46655 -1.92726
7.9800 6.45062 -1.93227
7.9850 6.43641 -1.93821
7.9900 6.42044 -1.94339
7.9950 6.40426 -1.96091
8.0000 6.37557 -1.99118
8.0050 6.35793 -2.02428
8.0100 6.31732 -2.04704
8.0150 6.28409 -2.06978
8.0200 6.26111 -2.07924
8.0250 6.25009 -2.07876
8.0300 6.25236 -2.07841
8.0350 6.25591 -2.07816
8.0400 6.26268 -2.09002
8.0450 6.25761 -2.1039
8.0500 6.25083 -2.11671
8.0550 6.24261 -2.14109
8.0600 6.24587 -2.14292
8.0650 6.26061 -2.13389
8.0700 6.27383 -2.12541
8.0750 6.29076 -2.11706
8.0800 6.32032 -2.09594
8.0850 6.34169 -2.09789
8.0900 6.3617 -2.10088
8.0950 6.40635 -2.10331
8.1000 6.48805 -2.10188
8.1050 6.60221 -2.09254
8.1100 6.67838 -2.07636
8.1150 6.74539 -2.02039
8.1200 6.83913 -1.96246
8.1250 6.9357 -1.96968
8.1300 6.97617 -1.96447
8.1350 6.97881 -1.96145
8.1400 6.98227 -1.96886
8.1450 6.99162 -1.965
8.1500 6.99999 -1.95107
8.1550 7.00855 -1.9385
8.1600 7.0052 -1.93522
8.1650 7.00423 -1.93113
8.1700 6.98233 -1.93922
8.1750 6.97051 -1.93672
8.1800 6.94612 -1.97169
8.1850 6.92147 -1.99828
8.1900 6.87452 -2.02883
8.1950 6.8251 -2.05994
8.2000 6.77405 -2.09015
8.2050 6.73323 -2.10988
8.2100 6.67826 -2.14347
8.2150 6.62208 -2.15556
8.2200 6.5755 -2.15641
8.2250 6.54047 -2.14474
8.2300 6.51726 -2.14457
8.2350 6.46995 -2.15652
8.2400 6.41853 -2.17019
8.2450 6.38819 -2.13637
8.2500 6.38003 -2.08485
8.2550 6.3855 -2.01932
8.2600 6.39495 -1.97789
8.2650 6.37171 -1.96895
8.2700 6.34655 -1.93691
8.2750 6.30594 -1.90317
8.2800 6.28759 -1.85583
8.2850 6.27059 -1.80801
8.2900 6.25523 -1.77208
8.2950 6.24242 -1.74619
8.3000 6.23281 -1.73257
8.3050 6.2239 -1.71923
8.3100 6.21397 -1.71983
8.3150 6.21645 -1.71028
8.3200 6.20657 -1.71165
8.3250 6.21956 -1.71316
8.3300 6.26065 -1.70549
8.3350 6.30439 -1.68775
8.3400 6.32706 -1.67002
8.3450 6.3402 -1.67336
8.3500 6.39145 -1.67849
8.3550 6.44404 -1.67515
8.3600 6.48761 -1.67125
8.3650 6.53024 -1.66585
8.3700 6.57472 -1.64856
8.3750 6.62165 -1.63249
8.3800 6.65871 -1.6165
8.3850 6.698 -1.61348
8.3900 6.7419 -1.61245
8.3950 6.77505 -1.6232
8.4000 6.80907 -1.64538
8.4050 6.83379 -1.65753
8.4100 6.85818 -1.70597
8.4150 6.88321 -1.74496
8.4200 6.89659 -1.78716
8.4250 6.91178 -1.8306
8.4300 6.93941 -1.86519
8.4350 6.96818 -1.8904
8.4400 6.99795 -1.91614
8.4450 7.01646 -1.9308
8.4500 7.03414 -1.95644
8.4550 7.00357 -2.00683
8.4600 6.9555 -2.0497
8.4650 6.91567 -2.06821
8.4700 6.87127 -2.05044
8.4750 6.84789 -1.99675
8.4800 6.77983 -1.9645
8.4850 6.71946 -1.89702
8.4900 6.66752 -1.8152
8.4950 6.62637 -1.72837
8.5000 6.57655 -1.63931
8.5050 6.52781 -1.54922
8.5100 6.47731 -1.46787
8.5150 6.41586 -1.39429
8.5200 6.34074 -1.31778
8.5250 6.25035 -1.25077
8.5300 6.15878 -1.17403
8.5350 6.0804 -1.19681
8.5400 5.99862 -1.1403
8.5450 5.87826 -1.07506
8.5500 5.78304 -1.04021
8.5550 5.6866 -1.03031
8.5600 5.59861 -1.0374
8.5650 5.50851 -1.02454
8.5700 5.41712 -1.00043
8.5750 5.3366 -0.975834
8.5800 5.28046 -0.962932
8.5850 5.22559 -0.938458
8.5900 5.18219 -0.917176
8.5950 5.13808 -0.885116
8.6000 5.10847 -0.874862
8.6050 5.09191 -0.852959
8.6100 5.07685 -0.833258
8.6150 5.05081 -0.813795
8.6200 5.03833 -0.793554
8.6250 5.02655 -0.772788
8.6300 5.02979 -0.75328
8.6350 5.02514 -0.747573
8.6400 5.02111 -0.719664
8.6450 4.98362 -0.692521
8.6500 5.00058 -0.693027
8.6550 5.01807 -0.742637
8.6600 5.00231 -0.814421
8.6650 4.98272 -0.80622
8.6700 4.95969 -0.807932
8.6750 4.92628 -0.833188
8.6800 4.88987 -0.881607
8.6850 4.8619 -0.937409
8.6900 4.85858 -0.974804
8.6950 4.8496 -1.02553
8.7000 4.81917 -1.07864
8.7050 4.76447 -1.12046
8.7100 4.71397 -1.12662
8.7150 4.68417 -1.12104
8.7200 4.65705 -1.10177
8.7250 4.63099 -1.08586
8.7300 4.60499 -1.04823
8.7350 4.59961 -0.938837
8.7400 4.5952 -0.809781
8.7450 4.60841 -0.673865
8.7500 4.62549 -0.555354
8.7550 4.62296 -0.456668
8.7600 4.62307 -0.389864
8.7650 4.60215 -0.321711
8.7700 4.56914 -0.276395
8.7750 4.5344 -0.243056
8.7800 4.48634 -0.234422
8.7850 4.44666 -0.238101
8.7900 4.4058 -0.257519
8.7950 4.37505 -0.281343
8.8000 4.35544 -0.296787
8.8050 4.32297 -0.301974
8.8100 4.302 -0.295689
8.8150 4.29231 -0.277631
8.8200 4.28259 -0.260506
8.8250 4.28493 -0.244331
8.8300 4.30026 -0.217448
8.8350 4.29486 -0.190503
8.8400 4.30076 -0.15209
8.8450 4.31907 -0.11101
8.8500 4.33819 -0.0567435
8.8550 4.35761 -0.00165172
8.8600 4.37859 0.0535063
8.8650 4.4016 0.097235
8.8700 4.41661 0.154689
8.8750 4.42379 0.202407
8.8800 4.43077 0.239476
8.8850 4.43852 0.265712
8.8900 4.43527 0.279424
8.8950 4.4195 0.280156
8.9000 4.40371 0.279992
8.9050 4.38793 0.26622
8.9100 4.3606 0.263199
8.9150 4.3434 0.247391
8.9200 4.31313 0.229443
8.9250 4.29307 0.209949
8.9300 4.26023 0.213831
8.9350 4.23767 0.218021
8.9400 4.21443 0.220198
8.9450 4.20242 0.232676
8.9500 4.19119 0.245737
8.9550 4.18065 0.27094
8.9600 4.18168 0.309963
8.9650 4.18355 0.338021
8.9700 4.19724 0.377715
8.9750 4.21389 0.406742
8.9800 4.21968 0.436442
8.9850 4.22736 0.465989
8.9900 4.24771 0.484375
8.9950 4.25495 0.501842
9.0000 4.26186 0.507605
9.0050 4.26697 0.511423
9.0100 4.26176 0.526881
9.0150 4.25585 0.529947
9.0200 4.25995 0.532191
9.0250 4.27567 0.545547
9.0300 4.28018 0.570706
9.0350 4.29841 0.59602
9.0400 4.31844 0.6222
9.0450 4.32863 0.636812
9.0500 4.3397 0.640937
9.0550 4.34063 0.644841
9.0600 4.34199 0.660031
9.0650 4.33162 0.662892
9.0700 4.33099 0.666651
9.0750 4.31794 0.669509
9.0800 4.30609 0.658177
9.0850 4.29418 0.645748
9.0900 4.2807 0.633079
9.0950 4.26703 0.630042
9.1000 4.25262 0.626675
9.1050 4.23825 0.610907
9.1100 4.22402 0.606812
9.1150 4.20998 0.590119
9.1200 4.18336 0.562102
9.1250 4.16866 0.556141
9.1300 4.15244 0.549939
9.1350 4.14812 0.531591
9.1400 4.14322 0.53539
9.1450 4.12691 0.540094
9.1500 4.12207 0.553922
9.1550 4.13055 0.556572
9.1600 4.15409 0.581268
9.1650 4.1697 0.582069
9.1700 4.16507 0.552668
9.1750 4.14891 0.53696
9.1800 4.14178 0.531178
9.1850 4.12933 0.522994
9.1900 4.12408 0.514557
9.1950 4.10423 0.518075
9.2000 4.09798 0.535529
9.2050 4.103 0.564597
9.2100 4.11057 0.606723
9.2150 4.12103 0.648939
9.2200 4.13456 0.670757
9.2250 4.12577 0.681588
9.2300 4.12818 0.679485
9.2350 4.10844 0.665601
9.2400 4.08777 0.66279
9.2450 4.06369 0.647476
9.2500 4.03731 0.643668
9.2550 4.02215 0.638068
9.2600 4.00664 0.643232
9.2650 3.99211 0.659675
9.2700 3.99129 0.677041
9.2750 3.99166 0.695823
9.2800 3.99361 0.701924
9.2850 3.98402 0.708084
9.2900 3.97604 0.714822
9.2950 3.95537 0.721256
9.3000 3.94617 0.714758
9.3050 3.924 0.696886
9.3100 3.9119 0.678489
9.3150 3.89851 0.670495
9.3200 3.88555 0.649882
9.3250 3.85964 0.629044
9.3300 3.84573 0.619964
9.3350 3.832 0.610869
9.3400 3.82951 0.601948
9.3450 3.83959 0.594373
9.3500 3.87661 0.586636
9.3550 3.91883 0.598565
9.3600 3.92679 0.622102
9.3650 3.92273 0.637987
9.3700 3.90553 0.646791
9.3750 3.88682 0.642703
9.3800 3.87765 0.610914
9.3850 3.8565 0.589336
9.3900 3.84643 0.58043
9.3950 3.83656 0.572731
9.4000 3.82822 0.578294
9.4050 3.82111 0.569707
9.4100 3.81518 0.547483
9.4150 3.79714 0.536481
9.4200 3.76654 0.525164
9.4250 3.74687 0.513971
9.4300 3.72513 0.514102
9.4350 3.71419 0.513807
9.4400 3.70241 0.537148
9.4450 3.69191 0.572845
9.4500 3.69286 0.61181
9.4550 3.70701 0.654021
9.4600 3.73321 0.697929
9.4650 3.73869 0.743249
9.4700 3.75858 0.777963
9.4750 3.78112 0.801807
9.4800 3.79102 0.802493
9.4850 3.79078 0.802995
9.4900 3.78967 0.780086
9.4950 3.78757 0.75443
9.5000 3.78359 0.713503
9.5050 3.767 0.671128
9.5100 3.7513 0.639658
9.5150 3.74657 0.608402
9.5200 3.74267 0.58761
9.5250 3.73805 0.563608
9.5300 3.73328 0.550642
9.5350 3.71586 0.537256
9.5400 3.71003 0.525341
9.5450 3.71554 0.525855
9.5500 3.7212 0.551328
9.5550 3.7387 0.577924
9.5600 3.75752 0.605409
9.5650 3.76768 0.635024
9.5700 3.76764 0.653987
9.5750 3.76756 0.661038
9.5800 3.76799 0.655254
9.5850 3.75672 0.661288
9.5900 3.73195 0.655482
9.5950 3.70528 0.650723
9.6000 3.6771 0.644766
9.6050 3.64802 0.636918
9.6100 3.61827 0.627986
9.6150 3.58944 0.616946
9.6200 3.57096 0.606612
9.6250 3.55164 0.596663
9.6300 3.53113 0.598454
9.6350 3.51058 0.613508
9.6400 3.49078 0.628016
9.6450 3.48364 0.631911
9.6500 3.46516 0.624038
9.6550 3.44757 0.615799
9.6600 3.43041 0.618872
9.6650 3.41297 0.621052
9.6700 3.38432 0.613679
9.6750 3.36661 0.606203
9.6800 3.34869 0.586484
9.6850 3.34015 0.576182
9.6900 3.33299 0.577536
9.6950 3.325 0.568456
9.7000 3.318 0.570553
9.7050 3.31079 0.572462
9.7100 3.30536 0.562651
9.7150 3.30047 0.563771
9.7200 3.29566 0.577101
9.7250 3.3029 0.579157
9.7300 3.29831 0.570339
9.7350 3.29444 0.573183
9.7400 3.30136 0.573671
9.7450 3.29709 0.562317
9.7500 3.29158 0.562905
9.7550 3.28584 0.563971
9.7600 3.28115 0.553987
9.7650 3.27777 0.542193
9.7700 3.27619 0.529085
9.7750 3.2741 0.514964
9.7800 3.27303 0.500293
9.7850 3.25946 0.484403
9.7900 3.24421 0.469096
9.7950 3.24073 0.464884
9.8000 3.23699 0.448062
9.8050 3.22062 0.444935
9.8100 3.20417 0.452917
9.8150 3.19952 0.460426
9.8200 3.20587 0.467866
9.8250 3.20249 0.488255
9.8300 3.23705 0.508487
9.8350 3.2643 0.457715
9.8400 3.21799 0.353382
9.8450 3.17709 0.294821
9.8500 3.18032 0.274893
9.8550 3.1853 0.28006
9.8600 3.19017 0.280817
9.8650 3.1834 0.280009
9.8700 3.21184 0.313225
9.8750 3.25616 0.372902
9.8800 3.29391 0.446714
9.8850 3.32275 0.514262
9.8900 3.35317 0.573762
9.8950 3.35971 0.622959
9.9000 3.35393 0.661331
9.9050 3.33601 0.688245
9.9100 3.31673 0.716385
9.9150 3.28309 0.732933
9.9200 3.2601 0.74904
9.9250 3.23578 0.740382
9.9300 3.22261 0.744183
9.9350 3.20994 0.747615
9.9400 3.1971 0.740155
9.9450 3.18357 0.74254
9.9500 3.16909 0.743751
9.9550 3.15545 0.732742
9.9600 3.14095 0.709464
9.9650 3.12512 0.709327
9.9700 3.12088 0.70743
9.9750 3.11643 0.716856
9.9800 3.12444 0.715269
9.9850 3.13259 0.724222
9.9900 3.14089 0.744894
9.9950 3.16123 0.776691
