0 8.34063 -4.43708
0.005 9.07423 -3.39061
0.01 9.53185 -3.90983
0.015 9.06181 -4.51671
0.02 8.48036 -6.20839
0.025 8.48036 -6.20839
0.03 8.64874 -6.33123
0.035 7.44344 -5.71912
0.04 7.43564 -6.28666
0.045 7.49147 -7.49147
0.05 6.92981 -6.92981
0.055 6.92981 -6.92981
0.06 6.93792 -6.35726
0.065 7.51776 -5.77609
0.07 7.43564 -6.28666
0.075 7.45051 -5.15045
0.08 8.10351 -4.62016
0.085 7.45051 -5.15045
0.09 7.37056 -5.66325
0.095 7.45685 -4.58077
0.1 7.45685 -4.58077
0.105 7.37742 -5.10008
0.11 7.45051 -5.15045
0.115 7.37742 -5.10008
0.12 7.45051 -5.15045
0.125 7.37056 -5.66325
0.13 7.37056 -5.66325
0.135 8.00884 -5.71144
0.14 8.00884 -5.71144
0.145 7.44344 -5.71912
0.15 8.48036 -6.20839
0.155 8.00047 -6.27823
0.16 8.00047 -6.27823
0.165 8.01644 -5.14353
0.17 8.00884 -5.71144
0.175 8.08004 -6.34051
0.18 8.00047 -6.27823
0.185 6.86936 -6.29449
0.19 7.50096 -6.92102
0.195 6.93792 -6.35726
0.2 6.92981 -6.92981
0.205 7.50973 -6.34919
0.21 6.35726 -6.93792
0.215 6.93792 -6.35726
0.22 6.93792 -6.35726
0.225 6.93792 -6.35726
0.23 6.93792 -6.35726
0.235 6.86936 -6.29449
0.24 6.94535 -5.78344
0.245 7.37742 -5.10008
0.25 7.44344 -5.71912
0.255 7.93794 -5.09336
0.26 7.37742 -5.10008
0.265 7.45685 -4.58077
0.27 7.37742 -5.10008
0.275 7.37742 -5.10008
0.28 7.93056 -5.6558
0.285 8.01644 -5.14353
0.29 7.45051 -5.15045
0.295 8.00884 -5.71144
0.3 7.44344 -5.71912
0.305 7.44344 -5.71912
0.31 7.50973 -6.34919
0.315 7.00784 -6.42128
0.32 6.93792 -6.35726
0.325 6.92981 -6.92981
0.33 6.92981 -6.92981
0.335 6.93792 -6.35726
0.34 6.92981 -6.92981
0.345 7.34578 -7.34578
0.35 7.47034 -8.6278
0.355 7.54471 -8.71385
0.36 5.32774 -10.1013
0.365 5.89346 -7.67089
0.37 6.95209 -5.20845
0.375 7.95549 -3.40055
0.38 8.42153 -4.47989
0.385 8.40701 -5.59347
0.39 6.23996 -6.23996
0.395 6.88899 -4.5865
0.4 7.95549 -3.40055
0.405 9.07912 -2.82651
0.41 8.51025 -3.96001
0.415 7.94455 -4.52993
0.42 5.56123 -6.67811
0.425 6.81549 -5.10633
0.43 7.04305 -2.92849
0.435 6.32867 -3.44707
0.44 6.89869 -3.44309
0.445 8.01644 -5.14353
0.45 7.37742 -5.10008
0.455 8.02325 -4.5746
0.46 6.86936 -6.29449
0.465 8.10351 -4.62016
0.47 7.38358 -4.53591
0.475 7.45051 -5.15045
0.48 7.44344 -5.71912
0.485 8.00884 -5.71144
0.49 8.08866 -5.76818
0.495 8.08004 -6.34051
0.5 7.50096 -6.92102
0.505 6.99043 -7.57625
0.51 6.99043 -7.57625
0.515 7.56647 -7.56647
0.52 7.56647 -7.56647
0.525 7.63213 -8.22313
0.53 7.57625 -6.99043
0.535 8.66631 -5.18707
0.54 9.71259 -4.55356
0.545 9.63105 -3.38518
0.55 9.63105 -3.38518
0.555 8.99092 -2.79926
0.56 9.45519 -2.21522
0.565 9.55016 -1.67777
0.57 8.52028 -2.83079
0.575 7.95979 -2.8348
0.58 7.95041 -3.96562
0.585 6.31436 -5.16283
0.59 6.32453 -4.01983
0.595 6.31976 -4.59179
0.6 6.31976 -4.59179
0.605 6.37774 -5.21457
0.61 6.88312 -5.15689
0.615 7.52504 -5.20182
0.62 7.53158 -4.62651
0.625 6.88312 -5.15689
0.63 6.88312 -5.15689
0.635 6.31436 -5.16283
0.64 7.46734 -3.43878
0.645 7.95549 -3.40055
0.65 7.95549 -3.40055
0.655 6.82119 -4.54148
0.66 7.45685 -4.58077
0.665 7.95041 -3.96562
0.67 7.95041 -3.96562
0.675 8.02325 -4.5746
0.68 7.52504 -5.20182
0.685 7.45685 -4.58077
0.69 8.02928 -4.00477
0.695 8.02325 -4.5746
0.7 8.10351 -4.62016
0.705 8.09649 -5.19469
0.71 8.58079 -5.13613
0.715 8.6001 -3.42919
0.72 8.6001 -3.42919
0.725 9.16401 -3.42391
0.73 8.51025 -3.96001
0.735 8.51025 -3.96001
0.74 8.51025 -3.96001
0.745 7.95041 -3.96562
0.75 7.95979 -2.8348
0.755 8.52405 -2.26529
0.76 8.52405 -2.26529
0.765 8.44101 -2.24337
0.77 8.44101 -2.24337
0.775 8.43734 -2.80341
0.78 8.43734 -2.80341
0.785 8.52405 -2.26529
0.79 8.04259 -2.29095
0.795 8.03895 -2.86283
0.8 8.03451 -3.43414
0.805 7.53736 -4.05026
0.81 8.10972 -4.04469
0.815 8.10351 -4.62016
0.82 7.02868 -4.67924
0.825 7.68557 -4.72075
0.83 7.10066 -4.72702
0.835 7.24224 -5.42533
0.84 7.41023 -4.31467
0.845 6.8662 -4.98795
0.85 6.22611 -6.85157
0.855 6.12322 -9.20693
0.86 6.90844 -11.5645
0.865 7.02231 -12.4917
0.87 8.42234 -11.0836
0.875 7.03263 -9.2131
0.88 6.75959 -3.93705
0.885 8.44712 0.561112
0.89 9.91092 1.0958
0.895 10.1616 -0.532031
0.9 10.3866 -2.58334
0.905 10.8938 -2.57904
0.91 10.0536 -3.16015
0.915 8.28426 -1.10079
0.92 8.21278 0
0.925 7.35196 -0.610995
0.93 6.2576 -3.74978
0.935 4.45012 -8.28505
0.94 3.19304 -10.9166
0.945 3.1996 -10.2886
0.95 4.48364 -9.64347
0.955 3.85874 -8.38418
0.96 5.0487 -6.31549
0.965 6.18031 -4.94078
0.97 7.11128 -3.54879
0.975 8.04259 -2.29095
0.98 8.99785 -1.68041
0.985 9.91092 -1.0958
0.99 10.3533 0
0.995 10.6831 1.06219
1 10.5855 1.0526
1.005 11.1019 1.05078
1.01 11.204 1.06032
1.015 10.5833 1.57868
1.02 10.5855 1.0526
1.025 10.2495 2.14681
1.03 9.72066 2.1503
1.035 10.2527 1.61044
1.04 9.91092 1.0958
1.045 9.55383 0.559398
1.05 8.70178 -0.577901
1.055 7.71024 -1.1827
1.06 7.78526 -2.38879
1.065 7.25513 -4.22469
1.07 6.64436 -5.43225
1.075 6.1742 -5.55473
1.08 4.98795 -6.8662
1.085 4.36704 -6.87232
1.09 4.98117 -7.48361
1.095 6.69931 -6.69931
1.1 7.92099 -5.47464
1.105 7.14307 -7.14307
1.11 7.14307 -7.14307
1.115 7.74979 -5.95392
1.12 8.19733 -3.50335
1.125 8.52405 -2.26529
1.13 9.46188 -0.554063
1.135 9.90863 1.64344
1.14 10.8679 3.24258
1.145 11.2855 3.74022
1.15 11.175 4.23404
1.155 10.5585 4.20331
1.16 11.1822 3.70637
1.165 10.7671 3.21285
1.17 9.35651 3.28945
1.175 8.99092 2.79926
1.18 8.99785 1.68041
1.185 8.4459 1.12212
1.19 7.48089 0
1.195 6.9807 -0.580297
1.2 6.9807 -0.580297
1.205 6.46675 -1.76019
1.21 6.46846 -1.17367
1.215 7.05082 -1.17226
1.22 6.53102 -2.37045
1.225 6.53102 -2.37045
1.23 7.04897 -1.75808
1.235 7.62973 -1.75578
1.24 8.12843 -1.15739
1.245 8.61565 0
1.25 8.61392 1.14428
1.255 8.70044 1.15568
1.26 8.7887 1.16732
1.265 9.36602 0.582783
1.27 9.36211 1.74787
1.275 8.70222 0
1.28 9.1764 -1.71348
1.285 8.98617 -3.35794
1.29 8.80974 -3.84197
1.295 8.73187 -3.26355
1.3 8.36549 -0.555729
1.305 8.99785 1.68041
1.31 8.52405 2.26529
1.315 8.99092 2.79926
1.32 8.82606 1.64858
1.325 9.72585 1.07553
1.33 9.63586 1.06567
1.335 9.27681 2.17378
1.34 9.44052 3.87266
1.345 9.51727 5.02184
1.35 9.15807 3.99285
1.355 8.78319 2.33367
1.36 7.71148 0.591412
1.365 6.60157 -1.79674
1.37 6.05581 -4.23504
1.375 6.73171 -3.6659
1.38 6.12847 -3.05985
1.385 6.12847 -3.05985
1.39 6.66849 -2.42015
1.395 6.53102 -2.37045
1.4 7.04638 -2.34353
1.405 7.55013 -2.31703
1.41 8.52909 -1.13309
1.415 8.52699 -1.69936
1.42 7.96804 -1.1347
1.425 9.00132 0.56028
1.43 9.36819 1.64608
1.435 8.28541 0.550446
1.44 8.27964 2.20077
1.445 9.26841 3.25871
1.45 10.3235 4.32736
1.455 10.3068 5.40343
1.46 9.87587 4.91956
1.465 10.0741 4.45886
1.47 9.44629 3.32076
1.475 9.08313 2.26187
1.48 8.12843 1.15739
1.485 8.21235 0.5846
1.49 7.71148 -0.591412
1.495 7.19568 -1.79449
1.5 7.27134 -1.81326
1.505 7.33729 -3.66112
1.51 6.66513 -3.02418
1.515 7.33729 -3.66112
1.52 6.59579 -2.99283
1.525 7.18939 -2.98908
1.53 7.62692 -2.34047
1.535 7.55479 -1.15899
1.54 8.53035 -0.5666
1.545 8.53035 0.5666
1.55 9.45831 1.66178
1.555 9.90543 2.19079
1.56 9.90132 2.73774
1.565 10.0004 2.2116
1.57 8.91114 1.66434
1.575 9.99622 2.76373
1.58 9.90132 2.73774
1.585 8.81952 2.74628
1.59 8.44101 2.24337
1.595 8.52909 1.13309
1.6 9.18008 0.571313
1.605 9.84113 0
1.61 8.88019 0.589655
1.615 7.79165 0.597523
1.62 6.74403 1.22345
1.625 6.3398 -0.6327
1.63 7.12456 -0.646033
1.635 7.20417 -1.30651
1.64 6.37858 -5.73846
1.645 5.26461 -10.5743
1.65 6.00553 -12.6362
1.655 7.50897 -8.58927
1.66 8.74457 -1.0889
1.665 10.629 3.89652
1.67 9.13485 5.69449
1.675 10.066 5.01353
1.68 9.63586 1.06567
1.685 9.79826 1.02643
1.69 10.0307 1.99632
1.695 10.6093 2.51243
1.7 11.0364 6.28013
1.705 10.299 9.75147
1.71 10.972 11.528
1.715 10.6929 10.124
1.72 9.22553 5.75072
1.725 7.04897 1.75808
1.73 6.00373 -2.3978
1.735 4.95926 -3.71741
1.74 4.43757 -3.80262
1.745 4.54075 -3.24173
1.75 5.18611 -3.23862
1.755 5.12481 -3.84136
1.76 5.01325 -3.75783
1.765 6.11485 -4.88852
1.77 6.58714 -4.18631
1.775 7.04305 -2.92849
1.78 7.48051 -0.5738
1.785 9.08849 1.13138
1.79 7.96922 0.567405
1.795 8.44101 2.24337
1.8 8.3643 1.11135
1.805 8.35955 2.22187
1.81 9.34445 4.38219
1.815 9.78345 4.87386
1.82 10.7369 5.34481
1.825 9.86727 5.46304
1.83 9.9408 6.60865
1.835 10.5812 6.65991
1.84 11.1477 5.5474
1.845 10.1796 3.94104
1.85 9.17318 2.28412
1.855 8.21235 -0.5846
1.86 7.71024 -1.1827
1.865 7.19766 -1.19654
1.87 7.19884 -0.598337
1.875 6.46948 -0.586896
1.88 7.05231 0
1.885 7.55634 0
1.89 7.48051 -0.5738
1.895 7.47938 1.14748
1.9 7.96607 1.70177
1.905 8.43734 2.80341
1.91 8.89434 3.87863
1.915 9.43387 4.42383
1.92 8.87307 5.53212
1.925 8.9497 6.13967
1.93 8.9497 6.13967
1.935 9.50865 5.57648
1.94 9.51727 5.02184
1.945 9.05429 5.07851
1.95 9.15807 3.99285
1.955 9.25557 3.45786
1.96 8.69509 2.31043
1.965 8.87876 1.17919
1.97 8.97214 0.595712
1.975 8.38279 0.596648
1.98 8.38325 0
1.985 7.71189 0
1.99 7.71189 0
1.995 7.63173 1.17072
2 8.04744 1.14593
2.005 8.52405 2.26529
2.01 9.07912 2.82651
2.015 8.89434 3.87863
2.02 8.88807 4.43065
2.025 9.33715 4.92742
2.03 9.33715 4.92742
2.035 9.33715 4.92742
2.04 8.88098 4.98184
2.045 8.97411 4.47327
2.05 8.51025 3.96001
2.055 8.03451 3.43414
2.06 7.47147 2.8667
2.065 7.55013 2.31703
2.07 7.04897 1.75808
2.075 7.12349 1.18428
2.08 7.71148 0.591412
2.085 7.71148 0.591412
2.09 8.29537 1.181
2.095 8.38279 0.596648
2.1 8.29315 1.77119
2.105 9.26502 2.3068
2.11 10.0814 3.90335
2.115 8.4459 1.12212
2.12 8.52909 1.13309
2.125 8.60873 2.28764
2.13 7.39777 2.83856
2.135 7.87799 3.36759
2.14 8.34653 3.88426
2.145 8.42153 4.47989
2.15 8.4276 3.92178
2.155 9.06181 4.51671
2.16 9.06846 3.95404
2.165 8.51025 3.96001
2.17 8.03451 3.43414
2.175 8.77907 2.91618
2.18 8.36681 3.57537
2.185 7.95027 2.43913
2.19 7.34566 2.44259
2.195 7.51035 1.24824
2.2 6.89201 -0.625049
2.205 6.73171 -3.6659
2.21 5.84876 -6.436
2.215 6.72877 -6.72877
2.22 7.51193 -3.21187
2.225 8.04876 2.13978
2.23 8.59947 6.9781
2.235 9.66246 10.2049
2.24 10.0963 10.0963
2.245 9.89657 7.27554
2.25 10.2634 5.11109
2.255 10.6709 5.05863
2.26 9.90763 6.76085
2.265 9.24917 9.24917
2.27 9.05032 9.62118
2.275 8.22313 7.63213
2.28 7.93537 4.26317
2.285 6.81782 -0.618352
2.29 5.70186 -3.16408
2.295 5.12065 -4.47917
2.3 5.17321 -5.17321
2.305 5.23697 -4.58085
2.31 5.82123 -4.52454
2.315 5.69803 -3.7952
2.32 7.42058 -3.08476
2.325 7.19568 -1.79449
2.33 8.21106 -1.16908
2.335 9.08983 0.565743
2.34 8.81504 3.29443
2.345 9.78345 4.87386
2.35 10.2022 5.8857
2.355 10.6186 6.34775
2.36 11.1119 7.38198
2.365 10.4998 7.32879
2.37 10.4998 7.32879
2.375 10.595 7.39483
2.38 10.1807 6.94617
2.385 9.31023 6.55735
2.39 8.95867 5.58522
2.395 8.58807 4.56801
2.4 7.62333 2.92468
2.405 7.12349 1.18428
2.41 6.00868 -0.599778
2.415 5.52468 -1.83902
2.42 5.52247 -2.45138
2.425 5.52247 -2.45138
2.43 4.80931 -2.40254
2.435 5.41157 -0.600403
2.44 5.94686 0
2.445 6.97782 1.74041
2.45 6.83432 2.84205
2.455 7.87305 3.92722
2.46 8.89434 3.87863
2.465 8.88098 4.98184
2.47 9.32003 6.01509
2.475 9.76588 5.94987
2.48 10.3938 5.99546
2.485 9.84746 6.54694
2.49 9.50865 5.57648
2.495 8.48036 6.20839
2.5 7.52504 5.20182
2.505 6.96814 3.47762
2.51 6.53102 2.37045
2.515 6.00901 0
2.52 6.1369 -0.612529
2.525 6.20199 -1.23807
2.53 6.20199 -1.23807
2.535 6.74403 -1.22345
2.54 7.27338 -1.20907
2.545 7.70529 -2.36439
2.55 8.69821 -1.73323
2.555 8.4459 -1.12212
2.56 8.74616 0
2.565 8.50312 1.05905
2.57 8.92695 3.66345
2.575 9.32174 6.1992
2.58 9.79747 7.72055
2.585 9.87212 8.3013
2.59 9.88473 7.78905
2.595 9.98569 7.34075
2.6 9.5672 6.8942
2.605 9.8578 6.00553
2.61 8.48036 6.20839
2.615 7.02868 4.67924
2.62 6.56138 6.56138
2.625 6.05581 4.23504
2.63 6.13163 2.44872
2.635 5.58692 -0.619797
2.64 5.02136 -1.88094
2.645 5.07183 -3.16737
2.65 5.06842 -3.79914
2.655 4.39633 -1.88263
2.66 6.81184 -2.47197
2.665 7.86998 -1.81075
2.67 7.70529 -2.36439
2.675 8.12635 -1.73579
2.68 8.04744 -1.14593
2.685 8.44712 0.561112
2.69 9.36516 2.1943
2.695 9.72066 2.1503
2.7 9.18642 2.69132
2.705 9.61698 3.72503
2.71 8.63948 4.30744
2.715 8.5533 4.79899
2.72 8.1008 4.85009
2.725 8.60894 6.44603
2.73 9.24167 5.42082
2.735 7.71738 4.40094
2.74 7.72274 3.85259
2.745 8.43287 3.36292
2.75 6.83736 2.27431
2.755 5.81883 2.90566
2.76 5.35121 2.37554
2.765 5.94558 1.18707
2.77 5.41157 -0.600403
2.775 4.81116 -1.80236
2.78 4.80693 -3.00218
2.785 5.46418 -2.42557
2.79 5.46142 -3.03094
2.795 6.00603 -1.79881
2.8 6.53102 -2.37045
2.805 6.53102 -2.37045
2.81 6.46675 -1.76019
2.815 7.55479 -1.15899
2.82 7.48051 -0.5738
2.825 9.00002 1.12045
2.83 9.36819 1.64608
2.835 8.91324 1.10974
2.84 7.81196 1.66905
2.845 8.91114 1.66434
2.85 8.91114 1.66434
2.855 9.45831 1.66178
2.86 9.55245 1.11869
2.865 8.44753 0
2.87 7.96961 0
2.875 7.48089 0
2.88 7.48051 0.5738
2.885 7.48051 -0.5738
2.89 6.90983 -1.14893
2.895 6.46846 -1.17367
2.9 6.40435 0
2.905 6.9807 -0.580297
2.91 6.39907 -2.32274
2.915 5.88102 -2.34894
2.92 5.29394 -2.93818
2.925 5.35121 -2.37554
2.93 6.97962 -1.16047
2.935 6.97782 -1.74041
2.94 5.76526 -1.72692
2.945 6.39907 -2.32274
2.95 6.97782 -1.74041
2.955 6.90809 -1.7231
2.96 6.97782 -1.74041
2.965 6.97962 -1.16047
2.97 6.90983 -1.14893
2.975 6.90809 -1.7231
2.98 6.83736 -2.27431
2.985 7.48051 -0.5738
2.99 7.33402 0.562625
2.995 7.8917 0
3 7.8917 0
3.005 7.8917 0
3.01 7.40691 0
3.015 7.48051 0.5738
3.02 7.33438 0
3.025 6.84142 -1.1376
3.03 6.90565 -2.29693
3.035 7.47749 -1.72094
3.04 8.04744 -1.14593
3.045 7.40545 -1.1362
3.05 6.90983 -1.14893
3.055 7.47938 -1.14748
3.06 8.61175 -1.71613
3.065 7.40362 -1.70403
3.07 7.47749 -1.72094
3.075 8.04866 -0.573025
3.08 7.47938 -1.14748
3.085 6.97782 -1.74041
3.09 7.55285 -1.73819
3.095 7.47147 -2.8667
3.1 6.39248 -3.48172
3.105 6.33506 -2.29959
3.11 6.90565 -2.29693
3.115 6.90565 -2.29693
3.12 7.40362 -1.70403
3.125 7.88827 -1.68525
3.13 7.40655 -0.568158
3.135 7.96804 -1.1347
3.14 7.40362 -1.70403
3.145 7.40362 -1.70403
3.15 6.90809 -1.7231
3.155 6.90565 -2.29693
3.16 6.90809 -1.7231
3.165 7.47486 -2.29405
3.17 6.90251 -2.8703
3.175 6.39248 -3.48172
3.18 6.32867 -3.44707
3.185 6.97208 -2.89911
3.19 6.97531 -2.32
3.195 6.97531 -2.32
3.2 7.54238 -3.47318
3.205 7.46734 -3.43878
3.21 7.46734 -3.43878
3.215 7.47147 -2.8667
3.22 7.47147 -2.8667
3.225 7.47147 -2.8667
3.23 7.47486 -2.29405
3.235 7.47486 -2.29405
3.24 6.90565 -2.29693
3.245 7.96607 -1.70177
3.25 7.89132 -0.561894
3.255 8.91493 0
3.26 8.4459 -1.12212
3.265 7.8856 -2.2465
3.27 6.83973 -1.70613
3.275 7.47486 -2.29405
3.28 8.04259 -2.29095
3.285 7.47147 -2.8667
3.29 6.89418 -4.01519
3.295 6.3833 -4.63786
3.3 6.95814 -4.63241
3.305 5.22527 -5.22527
3.31 5.81164 -4.06458
3.315 6.39248 -3.48172
3.32 6.33219 -2.87362
3.325 6.90251 -2.8703
3.33 6.83736 -2.27431
3.335 7.47486 -2.29405
3.34 6.83736 -2.27431
3.345 7.89018 -1.12368
3.35 7.96922 -0.567405
3.355 7.96922 -0.567405
3.36 7.89132 -0.561894
3.365 7.26324 0
3.37 7.81492 -0.556488
3.375 7.33296 -1.12514
3.38 7.33438 0
3.385 7.89132 -0.561894
3.39 7.40362 -1.70403
3.395 7.40362 -1.70403
3.4 6.83432 -2.84205
3.405 5.7606 -2.87666
3.41 5.7606 -2.87666
3.415 5.7574 -3.45071
3.42 6.2621 -3.98024
3.425 6.82623 -3.97574
3.43 5.69253 -4.55132
3.435 6.32867 -3.44707
3.44 6.32453 -4.01983
3.445 6.32453 -4.01983
3.45 5.80716 -4.64286
3.455 5.22018 -5.80209
3.46 4.69001 -5.86621
3.465 5.27838 -5.27838
3.47 5.27838 -5.27838
3.475 6.37774 -5.21457
3.48 7.52504 -5.20182
3.485 8.01644 -5.14353
3.49 8.01644 -5.14353
3.495 6.95209 -5.20845
3.5 7.60107 -5.25422
3.505 8.17007 -5.82604
3.51 8.17813 -5.24687
3.515 8.25311 -5.88506
3.52 7.02245 -5.26105
3.525 7.52504 -5.20182
3.53 8.02325 -4.5746
3.535 8.58807 -4.56801
3.54 8.59451 -3.99899
3.545 8.51568 -3.39573
3.55 8.99482 -2.24005
3.555 8.91114 -1.66434
3.56 8.91114 -1.66434
3.565 8.35599 -2.77656
3.57 7.80604 -2.78034
3.575 7.32161 -3.37196
3.58 7.32551 -2.81096
3.585 6.75959 -3.93705
3.59 6.82119 -4.54148
3.595 6.30835 -5.73285
3.6 5.73888 -5.73888
3.605 6.94535 -5.78344
3.61 5.20845 -6.95209
3.615 5.21457 -6.37774
3.62 5.26736 -6.44238
3.625 5.32717 -5.92109
3.63 5.86099 -5.27314
3.635 5.22527 -5.22527
3.64 5.80716 -4.64286
3.645 6.45318 -4.10139
3.65 7.03899 -3.51285
3.655 6.97208 -2.89911
3.66 6.97208 -2.89911
3.665 6.97208 -2.89911
3.67 6.96814 -3.47762
3.675 7.54664 -2.8954
3.68 7.46734 -3.43878
3.685 6.89869 -3.44309
3.69 7.38903 -3.97087
3.695 7.38903 -3.97087
3.7 7.87305 -3.92722
3.705 7.86737 -4.48611
3.71 7.79718 -3.88955
3.715 7.79718 -3.88955
3.72 7.79166 -4.44312
3.725 7.31173 -4.49192
3.73 7.86095 -5.04414
3.735 7.38358 -4.53591
3.74 6.81549 -5.10633
3.745 6.88312 -5.15689
3.75 6.95209 -5.20845
3.755 6.88899 -4.5865
3.76 6.95814 -4.63241
3.765 6.44238 -5.26736
3.77 6.50834 -5.32121
3.775 6.50834 -5.32121
3.78 6.51425 -4.73282
3.785 5.93123 -4.14807
3.79 5.92647 -4.73812
3.795 6.44238 -5.26736
3.8 6.436 -5.84876
3.805 6.37774 -5.21457
3.81 6.37154 -5.79023
3.815 6.89418 -4.01519
3.82 6.83432 -2.84205
3.825 7.80937 -2.2249
3.83 7.73458 -2.20372
3.835 8.27619 -2.7502
3.84 7.73135 -2.75388
3.845 8.35599 -2.77656
3.85 7.80604 -2.78034
3.855 7.32161 -3.37196
3.86 7.38903 -3.97087
3.865 6.82623 -3.97574
3.87 6.31976 -4.59179
3.875 6.37774 -5.21457
3.88 6.37774 -5.21457
3.885 6.44238 -5.26736
3.89 6.44238 -5.26736
3.895 5.92109 -5.32717
3.9 6.51425 -4.73282
3.905 7.02868 -4.67924
3.91 6.95209 -5.20845
3.915 6.95814 -4.63241
3.92 6.95814 -4.63241
3.925 7.53736 -4.05026
3.93 7.46734 -3.43878
3.935 7.46734 -3.43878
3.94 7.95549 -3.40055
3.945 7.45685 -4.58077
3.95 7.45051 -5.15045
3.955 7.46247 -4.01017
3.96 7.38358 -4.53591
3.965 7.38903 -3.97087
3.97 7.94455 -4.52993
3.975 7.94455 -4.52993
3.98 7.38903 -3.97087
3.985 7.87799 -3.36759
3.99 7.88217 -2.80731
3.995 7.88217 -2.80731
4 7.39376 -3.40505
4.005 7.39376 -3.40505
4.01 7.47147 -2.8667
4.015 7.47147 -2.8667
4.02 7.46247 -4.01017
4.025 6.96349 -4.05543
4.03 5.85517 -5.85517
4.035 5.86099 -5.27314
4.04 7.03899 -3.51285
4.045 7.02868 -4.67924
4.05 7.02245 -5.26105
4.055 6.44238 -5.26736
4.06 6.95814 -4.63241
4.065 7.45685 -4.58077
4.07 6.25747 -4.54661
4.075 7.39777 -2.83856
4.08 9.00132 -0.56028
4.085 8.3643 -1.11135
4.09 8.82974 0
4.095 8.3643 -1.11135
4.1 8.90819 -2.21864
4.105 8.43734 -2.80341
4.11 7.96607 -1.70177
4.115 7.54238 -3.47318
4.12 7.0342 -4.09647
4.125 6.44238 -5.26736
4.13 6.44238 -5.26736
4.135 6.436 -5.84876
4.14 6.42896 -6.42896
4.145 5.3147 -7.09423
4.15 5.91509 -5.91509
4.155 7.0155 -5.84177
4.16 6.44238 -5.26736
4.165 6.90565 -2.29693
4.17 8.52405 -2.26529
4.175 7.8856 -2.2465
4.18 7.88827 -1.68525
4.185 7.89132 -0.561894
4.19 7.81492 0.556488
4.195 8.35599 2.77656
4.2 8.81952 2.74628
4.205 8.27619 2.7502
4.21 8.27964 2.20077
4.215 7.81196 1.66905
4.22 7.89018 1.12368
4.225 6.84277 0
4.23 6.33731 -1.72509
4.235 5.82153 -2.32524
4.24 5.23739 -3.48889
4.245 4.69887 -4.69887
4.25 4.69887 -4.69887
4.255 5.27838 -5.27838
4.26 4.69468 -5.28309
4.265 5.32121 -6.50834
4.27 5.3147 -7.09423
4.275 5.85517 -5.85517
4.28 5.80209 -5.22018
4.285 7.46247 -4.01017
4.29 5.62708 -5.62708
4.295 8.53035 -0.5666
4.3 10.1007 1.67498
4.305 9.81219 2.17036
4.31 9.72066 2.1503
4.315 10.3458 2.16677
4.32 10.3491 1.62542
4.325 10.0037 1.65906
4.33 9.55016 1.67777
4.335 9.09028 0
4.34 8.61392 -1.14428
4.345 7.55013 -2.31703
4.35 7.03899 -3.51285
4.355 7.0342 -4.09647
4.36 6.44811 -4.68486
4.365 6.44238 -5.26736
4.37 6.44238 -5.26736
4.375 6.44238 -5.26736
4.38 6.95814 -4.63241
4.385 6.96814 -3.47762
4.39 6.83736 -2.27431
4.395 7.40106 -2.27152
4.4 6.83736 -2.27431
4.405 6.7727 -1.68948
4.41 6.7727 -1.68948
4.415 6.84142 -1.1376
4.42 6.21533 -0.563932
4.425 6.21533 -0.563932
4.43 6.84142 -1.1376
4.435 6.84243 -0.568858
4.44 6.77434 -1.1265
4.445 6.84142 -1.1376
4.45 6.77434 -1.1265
4.455 6.90809 -1.7231
4.46 7.47486 -2.29405
4.465 7.47749 -1.72094
4.47 6.90565 -2.29693
4.475 7.47486 -2.29405
4.48 7.55013 -2.31703
4.485 8.03895 -2.86283
4.49 7.46734 -3.43878
4.495 7.46734 -3.43878
4.5 7.46734 -3.43878
4.505 7.53736 -4.05026
4.51 8.11511 -3.46841
4.515 7.54238 -3.47318
4.52 8.11968 -2.89142
4.525 8.11511 -3.46841
4.53 8.12343 -2.31384
4.535 7.54664 -2.8954
4.54 7.47486 -2.29405
4.545 7.47486 -2.29405
4.55 6.90251 -2.8703
4.555 6.26953 -2.84527
4.56 5.69675 -3.98437
4.565 6.33219 -2.87362
4.57 6.33506 -2.29959
4.575 6.83736 -2.27431
4.58 6.27232 -2.27689
4.585 6.27232 -2.27689
4.59 7.33296 -1.12514
4.595 7.33296 -1.12514
4.6 7.89132 -0.561894
4.605 7.8917 0
4.61 7.40655 -0.568158
4.615 7.96804 -1.1347
4.62 7.96607 -1.70177
4.625 7.47486 -2.29405
4.63 6.97208 -2.89911
4.635 6.45758 -3.51707
4.64 6.45318 -4.10139
4.645 6.39248 -3.48172
4.65 7.03899 -3.51285
4.655 6.96349 -4.05543
4.66 6.96814 -3.47762
4.665 7.54238 -3.47318
4.67 6.90251 -2.8703
4.675 8.03895 -2.86283
4.68 7.47147 -2.8667
4.685 7.40106 -2.27152
4.69 8.52405 -2.26529
4.695 7.88827 -1.68525
4.7 7.88827 -1.68525
4.705 7.96607 -1.70177
4.71 7.88827 -1.68525
4.715 7.40106 -2.27152
4.72 7.47486 -2.29405
4.725 6.83432 -2.84205
4.73 6.90251 -2.8703
4.735 6.97208 -2.89911
4.74 6.90251 -2.8703
4.745 6.90251 -2.8703
4.75 6.90809 -1.7231
4.755 6.83973 -1.70613
4.76 7.47486 -2.29405
4.765 6.90565 -2.29693
4.77 7.47486 -2.29405
4.775 6.90809 -1.7231
4.78 7.47147 -2.8667
4.785 6.3961 -2.90253
4.79 5.7574 -3.45071
4.795 6.39248 -3.48172
4.8 6.39248 -3.48172
4.805 6.32867 -3.44707
4.81 6.89418 -4.01519
4.815 7.53736 -4.05026
4.82 6.89869 -3.44309
4.825 7.54238 -3.47318
4.83 6.89869 -3.44309
4.835 7.40106 -2.27152
4.84 7.40362 -1.70403
4.845 7.33118 -1.68744
4.85 7.89018 -1.12368
4.855 7.8856 -2.2465
4.86 7.89018 -1.12368
4.865 7.89018 -1.12368
4.87 7.96922 -0.567405
4.875 7.47938 -1.14748
4.88 6.90809 -1.7231
4.885 6.97208 -2.89911
4.89 6.90251 -2.8703
4.895 6.97208 -2.89911
4.9 6.3961 -2.90253
4.905 6.97208 -2.89911
4.91 6.90251 -2.8703
4.915 7.47147 -2.8667
4.92 7.54664 -2.8954
4.925 6.89869 -3.44309
4.93 6.90251 -2.8703
4.935 6.90251 -2.8703
4.94 6.83973 -1.70613
4.945 7.96607 -1.70177
4.95 7.33118 -1.68744
4.955 7.33296 -1.12514
4.96 7.88827 -1.68525
4.965 7.88827 -1.68525
4.97 7.40106 -2.27152
4.975 7.47749 -1.72094
4.98 7.47486 -2.29405
4.985 6.97208 -2.89911
4.99 6.96814 -3.47762
4.995 6.96349 -4.05543
5 7.03899 -3.51285
5.005 6.96814 -3.47762
5.01 7.46734 -3.43878
5.015 7.46734 -3.43878
5.02 8.03895 -2.86283
5.025 8.52405 -2.26529
5.03 10.292 -2.84471
5.035 10.7532 -1.68817
5.04 10.1995 -1.6912
5.045 9.64615 -1.12956
5.05 8.52405 -2.26529
5.055 8.99482 -2.24005
5.06 7.95979 -2.8348
5.065 7.39777 -2.83856
5.07 6.33219 -2.87362
5.075 7.39376 -3.40505
5.08 7.39777 -2.83856
5.085 7.96332 -2.26851
5.09 8.04744 -1.14593
5.095 7.47486 -2.29405
5.1 7.47147 -2.8667
5.105 6.90251 -2.8703
5.11 6.3961 -2.90253
5.115 6.39907 -2.32274
5.12 6.33731 -1.72509
5.125 6.33506 -2.29959
5.13 6.33731 -1.72509
5.135 5.7676 -0.575796
5.14 5.71059 0
5.145 4.61969 -0.576845
5.15 4.57301 -1.14211
5.155 4.57187 -1.71289
5.16 4.57187 -1.71289
5.165 5.19206 -1.72858
5.17 5.19338 -1.15258
5.175 5.76526 -1.72692
5.18 6.33506 -2.29959
5.185 5.70352 -2.84822
5.19 5.7606 -2.87666
5.195 5.76322 -2.30202
5.2 6.33731 -1.72509
5.205 6.2745 -1.70806
5.21 5.70804 -1.70984
5.215 6.2745 -1.70806
5.22 6.84142 -1.1376
5.225 7.33296 -1.12514
5.23 7.33402 -0.562625
5.235 7.33438 0
5.24 7.40655 -0.568158
5.245 7.33402 -0.562625
5.25 6.77434 -1.1265
5.255 7.33402 -0.562625
5.26 7.33402 -0.562625
5.265 6.27605 -1.1389
5.27 6.33731 -1.72509
5.275 6.33219 -2.87362
5.28 6.33219 -2.87362
5.285 5.88319 -1.76214
5.29 5.82153 -2.32524
5.295 5.81883 -2.90566
5.3 5.24036 -2.9085
5.305 5.81553 -3.48548
5.31 5.7574 -3.45071
5.315 5.76322 -2.30202
5.32 5.76672 -1.15148
5.325 5.76672 -1.15148
5.33 6.27605 -1.1389
5.335 6.27605 -1.1389
5.34 6.27605 -1.1389
5.345 5.65194 -1.69308
5.35 5.65332 -1.1289
5.355 6.27605 -1.1389
5.36 6.77533 -0.563305
5.365 6.84243 0.568858
5.37 6.97531 2.32
5.375 5.7676 0.575796
5.38 5.07999 -3.94906
5.385 4.96565 -6.0729
5.39 4.41623 -6.07769
5.395 5.13868 -2.2814
5.4 5.24605 1.16424
5.405 5.82514 1.1631
5.41 5.7676 -0.575796
5.415 6.27232 -2.27689
5.42 6.2745 -1.70806
5.425 5.82363 -1.74435
5.43 4.71251 -1.76548
5.435 4.08033 -2.91331
5.44 4.6115 -3.45699
5.445 5.18497 -3.45402
5.45 5.19022 -2.30423
5.455 5.24605 -1.16424
5.46 5.82153 -2.32524
5.465 5.76322 -2.30202
5.47 6.27232 -2.27689
5.475 6.83973 -1.70613
5.48 6.27699 -0.569504
5.485 6.2773 0
5.49 6.21533 -0.563932
5.495 6.15399 -1.11683
5.5 6.15253 -1.67498
5.505 6.21533 -0.563932
5.51 6.27605 -1.1389
5.515 6.27699 -0.569504
5.52 6.2745 -1.70806
5.525 6.33731 -1.72509
5.53 5.82153 -2.32524
5.535 5.76322 -2.30202
5.54 5.24036 -2.9085
5.545 4.7058 -3.52761
5.55 4.65145 -4.65145
5.555 4.11975 -3.5304
5.56 4.66082 -2.91105
5.565 4.61617 -2.30621
5.57 5.13868 -2.2814
5.575 5.65194 -1.69308
5.58 6.21081 -2.25464
5.585 5.70804 -1.70984
5.59 6.27699 -0.569504
5.595 5.7676 -0.575796
5.6 5.70946 -1.14008
5.605 5.09112 -1.12995
5.61 5.14046 -1.71144
5.615 5.65194 -1.69308
5.62 5.70946 -1.14008
5.625 6.27605 -1.1389
5.63 5.70946 -1.14008
5.635 5.76672 -1.15148
5.64 5.76322 -2.30202
5.645 5.76526 -1.72692
5.65 5.2428 -2.32752
5.655 5.19206 -1.72858
5.66 4.61617 -2.30621
5.665 4.08033 -2.91331
5.67 4.61407 -2.88189
5.675 4.61617 -2.30621
5.68 5.19022 -2.30423
5.685 5.14046 -1.71144
5.69 5.14046 -1.71144
5.695 6.21443 -1.12775
5.7 6.21533 -0.563932
5.705 6.15487 -0.558467
5.71 6.15517 0
5.715 5.71031 -0.570096
5.72 6.27699 -0.569504
5.725 6.27605 -1.1389
5.73 5.70946 -1.14008
5.735 5.70804 -1.70984
5.74 6.33506 -2.29959
5.745 5.7606 -2.87666
5.75 6.39907 -2.32274
5.755 5.81553 -3.48548
5.76 5.81883 -2.90566
5.765 5.81553 -3.48548
5.77 5.7574 -3.45071
5.775 5.19022 -2.30423
5.78 5.18785 -2.87942
5.785 5.7606 -2.87666
5.79 5.70606 -2.27925
5.795 5.14174 -1.14115
5.8 6.27605 -1.1389
5.805 6.21564 0
5.81 6.21533 -0.563932
5.815 6.27699 -0.569504
5.82 5.70946 -1.14008
5.825 5.70804 -1.70984
5.83 6.2745 -1.70806
5.835 5.70606 -2.27925
5.84 5.70804 -1.70984
5.845 5.18785 -2.87942
5.85 4.61617 -2.30621
5.855 4.61781 -1.73007
5.86 5.18785 -2.87942
5.865 5.18785 -2.87942
5.87 4.56824 -2.8533
5.875 5.13868 -2.2814
5.88 5.7606 -2.87666
5.885 5.70606 -2.27925
5.89 5.19206 -1.72858
5.895 5.13868 -2.2814
5.9 4.57187 -1.71289
5.905 5.19338 -1.15258
5.91 5.19338 -1.15258
5.915 5.14174 -1.14115
5.92 5.08988 -1.69464
5.925 4.57301 -1.14211
5.93 4.00238 -1.71417
5.935 4.57028 -2.28332
5.94 5.65002 -2.25693
5.945 5.71031 -0.570096
5.95 5.14251 -0.570632
5.955 5.71031 -0.570096
5.96 5.71031 -0.570096
5.965 5.14046 -1.71144
5.97 5.13868 -2.2814
5.975 5.13868 -2.2814
5.98 5.76322 -2.30202
5.985 5.18785 -2.87942
5.99 5.82153 -2.32524
5.995 5.7606 -2.87666
6 6.97782 -1.74041
6.005 6.33506 -2.29959
6.01 6.33506 -2.29959
6.015 6.26612 -3.41309
6.02 7.47147 -2.8667
6.025 6.90565 -2.29693
6.03 6.90565 -2.29693
6.035 6.90251 -2.8703
6.04 7.47147 -2.8667
6.045 7.54664 -2.8954
6.05 6.97208 -2.89911
6.055 6.97208 -2.89911
6.06 7.47486 -2.29405
6.065 8.03895 -2.86283
6.07 8.04259 -2.29095
6.075 8.60873 -2.28764
6.08 8.03895 -2.86283
6.085 8.61175 -1.71613
6.09 7.96607 -1.70177
6.095 8.52699 -1.69936
6.1 7.96607 -1.70177
6.105 7.40106 -2.27152
6.11 7.39777 -2.83856
6.115 6.83736 -2.27431
6.12 7.40362 -1.70403
6.125 7.47938 -1.14748
6.13 6.84142 -1.1376
6.135 6.83973 -1.70613
6.14 6.2745 -1.70806
6.145 6.33506 -2.29959
6.15 6.33219 -2.87362
6.155 5.76322 -2.30202
6.16 5.7574 -3.45071
6.165 5.81553 -3.48548
6.17 5.81883 -2.90566
6.175 5.82153 -2.32524
6.18 6.39248 -3.48172
6.185 6.90251 -2.8703
6.19 6.33506 -2.29959
6.195 6.33219 -2.87362
6.2 6.90565 -2.29693
6.205 6.90565 -2.29693
6.21 6.33219 -2.87362
6.215 6.89869 -3.44309
6.22 6.33219 -2.87362
6.225 6.33506 -2.29959
6.23 6.33506 -2.29959
6.235 6.83973 -1.70613
6.24 6.27232 -2.27689
6.245 6.83736 -2.27431
6.25 6.83973 -1.70613
6.255 7.33296 -1.12514
6.26 7.33296 -1.12514
6.265 7.33296 -1.12514
6.27 6.83973 -1.70613
6.275 6.84142 -1.1376
6.28 6.33506 -2.29959
6.285 6.33219 -2.87362
6.29 6.3961 -2.90253
6.295 6.32453 -4.01983
6.3 6.39248 -3.48172
6.305 6.38821 -4.06021
6.31 6.39248 -3.48172
6.315 6.97208 -2.89911
6.32 6.33506 -2.29959
6.325 6.90565 -2.29693
6.33 6.84142 -1.1376
6.335 6.27699 -0.569504
6.34 6.21533 -0.563932
6.345 6.70952 -0.557858
6.35 6.77533 -0.563305
6.355 6.84243 -0.568858
6.36 6.83973 -1.70613
6.365 6.33891 -1.15026
6.37 6.33731 -1.72509
6.375 6.3961 -2.90253
6.38 6.32867 -3.44707
6.385 6.32867 -3.44707
6.39 6.3961 -2.90253
6.395 6.39248 -3.48172
6.4 6.89869 -3.44309
6.405 6.89869 -3.44309
6.41 7.38903 -3.97087
6.415 6.90251 -2.8703
6.42 6.90251 -2.8703
6.425 6.90251 -2.8703
6.43 7.40362 -1.70403
6.435 7.40362 -1.70403
6.44 6.83973 -1.70613
6.445 7.40545 -1.1362
6.45 7.40362 -1.70403
6.455 6.90565 -2.29693
6.46 6.83973 -1.70613
6.465 6.90809 -1.7231
6.47 6.90809 -1.7231
6.475 6.83736 -2.27431
6.48 6.90809 -1.7231
6.485 7.47749 -1.72094
6.49 6.90809 -1.7231
6.495 7.47147 -2.8667
6.5 8.04259 -2.29095
6.505 8.04259 -2.29095
6.51 7.47486 -2.29405
6.515 8.03895 -2.86283
6.52 7.46734 -3.43878
6.525 7.54238 -3.47318
6.53 7.95549 -3.40055
6.535 8.03895 -2.86283
6.54 7.46734 -3.43878
6.545 7.47486 -2.29405
6.55 6.33219 -2.87362
6.555 6.90565 -2.29693
6.56 6.32867 -3.44707
6.565 6.33731 -1.72509
6.57 5.76322 -2.30202
6.575 5.70804 -1.70984
6.58 5.71031 -0.570096
6.585 5.65415 -0.564506
6.59 4.5286 -0.565495
6.595 4.57369 -0.571114
6.6 4.00417 0
6.605 3.43363 0
6.61 2.2905 -0.572481
6.615 2.29015 -1.14485
6.62 2.2905 -0.572481
6.625 2.31325 -1.15639
6.63 2.2905 -0.572481
6.635 2.31325 -1.15639
6.64 2.86183 -1.14433
6.645 3.43295 -1.14371
6.65 3.43346 -0.57191
6.655 4.00238 -1.71417
6.66 4.04264 -1.73138
6.665 4.61781 -1.73007
6.67 5.13638 -2.8509
6.675 5.19022 -2.30423
6.68 5.7606 -2.87666
6.685 5.76322 -2.30202
6.69 6.33731 -1.72509
6.695 6.39907 -2.32274
6.7 7.04897 -1.75808
6.705 7.70529 -2.36439
6.71 7.19293 -2.39204
6.715 7.11547 -2.95848
6.72 7.11128 -3.54879
6.725 7.02868 -4.67924
6.73 6.31436 -5.16283
6.735 6.67811 -5.56123
6.74 6.50112 -4.3289
6.745 6.51512 -2.16755
6.75 6.99069 1.07289
6.755 7.04994 2.70568
6.76 7.04994 2.70568
6.765 7.45301 1.06178
6.77 6.86369 0
6.775 6.39896 0
6.78 5.98033 0.542688
6.785 5.09112 1.12995
6.79 4.0854 0.583145
6.795 3.57614 -0.595647
6.8 3.04049 -3.04049
6.805 2.45377 -4.91205
6.81 2.47499 -6.19764
6.815 1.85448 -6.81463
6.82 2.47774 -5.582
6.825 3.06615 -4.90951
6.83 3.64483 -3.64483
6.835 4.80693 -3.00218
6.84 5.29087 -3.52446
6.845 6.33219 -2.87362
6.85 6.2745 -1.70806
6.855 6.77434 -1.1265
6.86 7.19313 -0.551874
6.865 7.74034 0
6.87 7.6668 0
6.875 8.1301 0
6.88 7.59464 0
6.885 7.6668 0
6.89 7.19313 -0.551874
6.895 7.19313 -0.551874
6.9 6.77434 -1.1265
6.905 6.27232 -2.27689
6.91 5.76322 -2.30202
6.915 4.6115 -3.45699
6.92 4.11692 -4.11692
6.925 4.70258 -4.11367
6.93 4.15608 -4.75109
6.935 4.11692 -4.11692
6.94 3.5304 -4.11975
6.945 3.53282 -3.53282
6.95 4.08223 -2.33137
6.955 4.12563 -1.76688
6.96 4.1241 -2.35526
6.965 4.12214 -2.94314
6.97 4.66299 -2.32957
6.975 5.19022 -2.30423
6.98 5.14046 -1.71144
6.985 5.71031 -0.570096
6.99 5.71031 -0.570096
6.995 6.77566 0
7 6.70952 -0.557858
7.005 6.70952 -0.557858
7.01 7.33402 -0.562625
7.015 7.2629 -0.557198
7.02 7.33402 -0.562625
7.025 7.26186 -1.11429
7.03 7.33118 -1.68744
7.035 7.40106 -2.27152
7.04 7.47147 -2.8667
7.045 6.90565 -2.29693
7.05 6.33506 -2.29959
7.055 6.32867 -3.44707
7.06 6.32867 -3.44707
7.065 6.38821 -4.06021
7.07 5.81553 -3.48548
7.075 5.2428 -2.32752
7.08 4.66082 -2.91105
7.085 5.7606 -2.87666
7.09 5.7606 -2.87666
7.095 6.83973 -1.70613
7.1 6.84142 -1.1376
7.105 6.27699 0.569504
7.11 6.27699 -0.569504
7.115 6.77434 -1.1265
7.12 6.84243 -0.568858
7.125 6.21533 -0.563932
7.13 6.21443 -1.12775
7.135 6.77434 -1.1265
7.14 6.84142 -1.1376
7.145 5.70804 -1.70984
7.15 4.61781 -1.73007
7.155 4.08033 -2.91331
7.16 2.91105 -4.66082
7.165 3.48548 -5.81553
7.17 2.90566 -5.81883
7.175 2.91331 -4.08033
7.18 2.91331 -4.08033
7.185 3.497 -3.497
7.19 3.45961 -4.0371
7.195 3.46189 -3.46189
7.2 3.42748 -3.42748
7.205 2.8876 -2.8876
7.21 2.8876 -2.8876
7.215 2.8876 -2.8876
7.22 2.31078 -2.88892
7.225 2.88598 -3.46383
7.23 2.91527 -3.49899
7.235 3.46383 -2.88598
7.24 4.0412 -2.30797
7.245 4.0412 -2.30797
7.25 4.57187 -1.71289
7.255 5.70946 -1.14008
7.26 5.59934 0
7.265 6.15487 0.558467
7.27 6.0933 1.65891
7.275 6.15048 2.23281
7.28 6.15253 1.67498
7.285 5.65332 1.1289
7.29 5.65002 2.25693
7.295 5.65194 1.69308
7.3 5.08988 1.69464
7.305 5.19443 0
7.31 5.14174 -1.14115
7.315 5.76322 -2.30202
7.32 6.33506 -2.29959
7.325 6.33506 -2.29959
7.33 6.90565 -2.29693
7.335 6.90251 -2.8703
7.34 8.04259 -2.29095
7.345 8.6001 -3.42919
7.35 8.60485 -2.8587
7.355 9.16401 -3.42391
7.36 9.16905 -2.8543
7.365 9.16905 -2.8543
7.37 9.26077 -2.88262
7.375 9.17318 -2.28412
7.38 9.26502 -2.3068
7.385 9.1764 -1.71348
7.39 9.1787 -1.14251
7.395 9.74364 0
7.4 9.64757 -0.564835
7.405 9.64805 0
7.41 9.64757 0.564835
7.415 9.08983 0.565743
7.42 8.53077 0
7.425 8.53035 -0.5666
7.43 7.40655 -0.568158
7.435 7.47749 -1.72094
7.44 6.90565 -2.29693
7.445 6.90565 -2.29693
7.45 6.97208 -2.89911
7.455 6.32453 -4.01983
7.46 6.38821 -4.06021
7.465 6.38821 -4.06021
7.47 6.39248 -3.48172
7.475 5.75362 -4.02408
7.48 6.32867 -3.44707
7.485 6.26612 -3.41309
7.49 6.33731 -1.72509
7.495 6.83973 -1.70613
7.5 6.84142 -1.1376
7.505 6.77533 -0.563305
7.51 6.84142 -1.1376
7.515 6.77566 0
7.52 6.84277 0
7.525 6.2773 0
7.53 6.27699 -0.569504
7.535 6.27605 -1.1389
7.54 6.2745 -1.70806
7.545 6.33731 -1.72509
7.55 5.76526 -1.72692
7.555 6.33731 -1.72509
7.56 6.33506 -2.29959
7.565 5.7606 -2.87666
7.57 5.7606 -2.87666
7.575 6.3961 -2.90253
7.58 6.97208 -2.89911
7.585 6.33506 -2.29959
7.59 6.90565 -2.29693
7.595 7.47486 -2.29405
7.6 7.47486 -2.29405
7.605 7.47486 -2.29405
7.61 6.97531 -2.32
7.615 7.47147 -2.8667
7.62 8.04259 -2.29095
7.625 7.47147 -2.8667
7.63 6.97208 -2.89911
7.635 8.04259 -2.29095
7.64 8.52699 -1.69936
7.645 8.52699 -1.69936
7.65 9.08849 -1.13138
7.655 9.55245 -1.11869
7.66 9.64757 -0.564835
7.665 9.08849 -1.13138
7.67 8.52909 -1.13309
7.675 7.40545 -1.1362
7.68 8.04744 -1.14593
7.685 7.40362 -1.70403
7.69 6.83973 -1.70613
7.695 7.40545 -1.1362
7.7 6.33891 -1.15026
7.705 6.33891 -1.15026
7.71 6.33891 -1.15026
7.715 5.70804 -1.70984
7.72 6.33891 -1.15026
7.725 5.76526 -1.72692
7.73 5.76526 -1.72692
7.735 5.14174 -1.14115
7.74 5.70804 -1.70984
7.745 4.57187 -1.71289
7.75 4.61617 -2.30621
7.755 4.57187 -1.71289
7.76 5.18785 -2.87942
7.765 4.61407 -2.88189
7.77 4.61407 -2.88189
7.775 5.18785 -2.87942
7.78 5.76322 -2.30202
7.785 6.33506 -2.29959
7.79 6.33506 -2.29959
7.795 6.33731 -1.72509
7.8 6.90809 -1.7231
7.805 6.83973 -1.70613
7.81 6.83973 -1.70613
7.815 6.83973 -1.70613
7.82 7.40545 -1.1362
7.825 7.48051 -0.5738
7.83 7.40545 -1.1362
7.835 7.40691 0
7.84 7.40655 -0.568158
7.845 6.90983 -1.14893
7.85 7.40362 -1.70403
7.855 5.76526 -1.72692
7.86 6.27605 -1.1389
7.865 6.90983 -1.14893
7.87 6.91088 -0.574521
7.875 6.90983 -1.14893
7.88 7.40655 -0.568158
7.885 7.40655 -0.568158
7.89 7.40655 -0.568158
7.895 7.33438 0
7.9 7.40655 -0.568158
7.905 7.40655 -0.568158
7.91 6.91088 -0.574521
7.915 6.84243 -0.568858
7.92 6.84243 -0.568858
7.925 6.84142 -1.1376
7.93 6.84243 -0.568858
7.935 6.90565 -2.29693
7.94 6.33891 -1.15026
7.945 5.70804 -1.70984
7.95 5.76672 -1.15148
7.955 5.82153 -2.32524
7.96 6.33731 -1.72509
7.965 6.33506 -2.29959
7.97 5.76322 -2.30202
7.975 6.33506 -2.29959
7.98 5.76526 -1.72692
7.985 5.82363 -1.74435
7.99 5.76526 -1.72692
7.995 5.76322 -2.30202
8 5.18785 -2.87942
8.005 5.7606 -2.87666
8.01 4.66299 -2.32957
8.015 5.19022 -2.30423
8.02 5.70804 -1.70984
8.025 6.27605 -1.1389
8.03 6.84142 -1.1376
8.035 6.84142 -1.1376
8.04 6.90809 -1.7231
8.045 6.40138 -1.74247
8.05 6.33731 -1.72509
8.055 6.33506 -2.29959
8.06 6.84142 -1.1376
8.065 7.48051 -0.5738
8.07 7.40655 -0.568158
8.075 7.48051 -0.5738
8.08 7.96961 0
8.085 7.47938 -1.14748
8.09 7.47938 -1.14748
8.095 8.61392 -1.14428
8.1 10.202 -1.12765
8.105 11.3094 -0.561813
8.11 9.09028 0
8.115 8.44386 1.68291
8.12 9.64379 1.69407
8.125 9.73926 -1.71068
8.13 6.97962 -1.16047
8.135 5.24605 -1.16424
8.14 5.76526 -1.72692
8.145 6.27605 -1.1389
8.15 6.33987 -0.575186
8.155 6.33987 -0.575186
8.16 5.70946 -1.14008
8.165 5.70946 -1.14008
8.17 4.66468 -1.7476
8.175 5.19338 -1.15258
8.18 4.61407 -2.88189
8.185 4.61617 -2.30621
8.19 3.50062 -2.33294
8.195 3.53656 -2.35688
8.2 3.50062 -2.33294
8.205 4.08371 -1.74895
8.21 3.46541 -2.30949
8.215 3.46752 -1.15521
8.22 4.00397 -0.57154
8.225 4.57392 0
8.23 5.14251 -0.570632
8.235 4.04366 -1.15445
8.24 4.04366 -1.15445
8.245 5.19338 1.15258
8.25 6.21292 1.69136
8.255 6.70473 2.23038
8.26 6.70856 1.11561
8.265 5.14251 -0.570632
8.27 5.19417 0.576349
8.275 4.57369 0.571114
8.28 5.70946 1.14008
8.285 5.70946 1.14008
8.29 5.65415 0.564506
8.295 5.71059 0
8.3 5.71031 -0.570096
8.305 5.7676 -0.575796
8.31 5.76672 -1.15148
8.315 6.40402 -0.580982
8.32 5.76672 -1.15148
8.325 6.84142 -1.1376
8.33 8.04866 -0.573025
8.335 7.96961 0
8.34 6.84277 0
8.345 6.27605 -1.1389
8.35 8.04744 -1.14593
8.355 8.04866 -0.573025
8.36 7.48051 -0.5738
8.365 7.40655 -0.568158
8.37 7.40691 0
8.375 7.40691 0
8.38 6.84277 0
8.385 6.84243 -0.568858
8.39 6.91088 -0.574521
8.395 6.33891 -1.15026
8.4 6.33731 -1.72509
8.405 5.82514 -1.1631
8.41 5.81883 -2.90566
8.415 5.82153 -2.32524
8.42 5.19022 -2.30423
8.425 5.2428 -2.32752
8.43 5.82363 -1.74435
8.435 5.82514 -1.1631
8.44 5.76672 -1.15148
8.445 5.19417 -0.576349
8.45 5.19338 -1.15258
8.455 2.9183 -2.33427
8.46 2.33621 -1.75195
8.465 2.92057 -0.583871
8.47 2.83356 1.13303
8.475 3.92121 2.7998
8.48 1.71759 1.71759
8.485 2.2865 3.43089
8.49 2.7998 3.92121
8.495 3.3262 3.88135
8.5 2.77278 3.88335
8.505 2.7998 3.92121
8.51 2.82913 3.39557
8.515 2.28776 2.86012
8.52 1.69927 2.83286
8.525 1.14485 2.29015
8.53 1.13303 2.83356
8.535 1.70061 -1.70061
8.54 1.73429 2.31266
8.545 0 2.36137
8.55 1.16908 0.584509
8.555 1.16908 -0.584509
8.56 1.73535 -1.1568
8.565 1.71836 0
8.57 1.71827 0.572681
8.575 2.2905 0.572481
8.58 3.43363 0
8.585 3.43346 0.57191
8.59 4.00397 0.57154
8.595 3.96388 1.13171
8.6 4.57392 0
8.605 5.14251 0.570632
8.61 5.14251 0.570632
8.615 4.57369 0.571114
8.62 5.14251 0.570632
8.625 5.14251 0.570632
8.63 5.71031 0.570096
8.635 5.19443 0
8.64 5.19338 1.15258
8.645 3.39905 1.13243
8.65 5.76789 0
8.655 5.70606 -2.27925
8.66 4.08033 -2.91331
8.665 4.17021 0.595229
8.67 4.12759 0
8.675 3.53881 -1.17894
8.68 3.50062 -2.33294
8.685 4.00098 -2.28502
8.69 5.14174 -1.14115
8.695 4.61781 -1.73007
8.7 3.5019 -1.75013
8.705 2.36087 -1.18019
8.71 2.89112 0.577989
8.715 3.96388 1.13171
8.72 3.96291 1.69729
8.725 3.84904 1.64858
8.73 3.92121 2.7998
8.735 4.96565 6.0729
8.74 4.91353 6.55765
8.745 5.45634 6.55199
8.75 5.46726 5.46726
8.755 4.42796 4.42796
8.76 4.47925 2.79779
8.765 3.39557 2.82913
8.77 2.86112 1.71622
8.775 2.92011 1.16762
8.78 2.33731 0
8.785 2.95062 -0.589874
8.79 2.95015 -1.17962
8.795 3.5028 -1.16695
8.8 4.0854 -0.583145
8.805 3.50353 0
8.81 4.0854 0.583145
8.815 4.61899 1.15357
8.82 4.57301 1.14211
8.825 5.14174 1.14115
8.83 5.70804 1.70984
8.835 4.57187 1.71289
8.84 5.13868 2.2814
8.845 5.70606 2.27925
8.85 5.64755 2.82034
8.855 5.64755 2.82034
8.86 5.59267 2.793
8.865 5.59507 2.23504
8.87 5.08592 2.82294
8.875 4.57028 2.28332
8.88 4.57187 1.71289
8.885 4.57301 1.14211
8.89 4.00397 0.57154
8.895 3.43363 0
8.9 3.46823 0
8.905 3.46805 -0.577666
8.91 2.89127 0
8.915 3.50335 -0.583538
8.92 2.92057 -0.583871
8.925 3.50335 -0.583538
8.93 2.89112 0.577989
8.935 3.46805 0.577666
8.94 3.43346 0.57191
8.945 4.00337 1.14297
8.95 4.00337 1.14297
8.955 4.00238 1.71417
8.96 4.57028 2.28332
8.965 4.57187 1.71289
8.97 5.08815 2.25901
8.975 5.14046 1.71144
8.98 4.57187 1.71289
8.985 4.57187 1.71289
8.99 5.19338 1.15258
8.995 4.57301 1.14211
9 4.61969 0.576845
9.005 4.57369 0.571114
9.01 4.04366 1.15445
9.015 4.04428 0.577284
9.02 4.57369 0.571114
9.025 5.14174 1.14115
9.03 4.57187 1.71289
9.035 5.14046 1.71144
9.04 5.14046 1.71144
9.045 4.57301 1.14211
9.05 4.57369 0.571114
9.055 4.00397 0.57154
9.06 4.04366 1.15445
9.065 3.46805 0.577666
9.07 4.00397 0.57154
9.075 3.43346 0.57191
9.08 3.46823 0
9.085 3.43363 0
9.09 3.43363 0
9.095 3.43346 0.57191
9.1 3.43346 0.57191
9.105 3.43363 0
9.11 3.46805 0.577666
9.115 3.46823 0
9.12 2.89112 -0.577989
9.125 3.46805 0.577666
9.13 3.43346 0.57191
9.135 4.04449 0
9.14 4.00337 1.14297
9.145 3.46752 1.15521
9.15 4.00238 1.71417
9.155 4.57301 1.14211
9.16 5.13868 2.2814
9.165 4.52794 1.13088
9.17 3.43346 -0.57191
9.175 2.92072 0
9.18 3.50335 0.583538
9.185 3.46805 0.577666
9.19 4.00397 0.57154
9.195 3.43295 1.14371
9.2 4.00238 1.71417
9.205 4.52529 2.26088
9.21 4.52331 2.82528
9.215 4.52331 2.82528
9.22 4.57187 1.71289
9.225 3.43295 1.14371
9.23 4.00397 0.57154
9.235 2.89127 0
9.24 2.92057 0.583871
9.245 2.89127 0
9.25 2.86226 0.572224
9.255 3.43346 0.57191
9.26 3.43295 1.14371
9.265 3.43209 1.71528
9.27 4.00238 1.71417
9.275 4.00238 1.71417
9.28 4.00337 1.14297
9.285 3.39905 1.13243
9.29 3.46752 1.15521
9.295 2.86183 1.14433
9.3 3.46805 0.577666
9.305 2.86241 0
9.31 3.46823 0
9.315 3.46805 0.577666
9.32 3.46823 0
9.325 2.86241 0
9.33 3.43346 0.57191
9.335 3.43346 0.57191
9.34 4.00397 0.57154
9.345 4.57369 0.571114
9.35 5.71031 0.570096
9.355 5.70804 1.70984
9.36 4.00098 2.28502
9.365 3.43209 1.71528
9.37 2.86183 1.14433
9.375 2.86226 0.572224
9.38 3.43346 -0.57191
9.385 2.89127 0
9.39 3.46805 0.577666
9.395 3.46805 0.577666
9.4 3.5028 1.16695
9.405 3.46805 0.577666
9.41 3.43363 0
9.415 2.89112 0.577989
9.42 2.3136 0.578254
9.425 2.89112 0.577989
9.43 2.83356 1.13303
9.435 3.43295 1.14371
9.44 3.39706 2.26397
9.445 3.39557 2.82913
9.45 3.95982 2.82734
9.455 4.52331 2.82528
9.46 5.03643 2.79553
9.465 3.92121 2.7998
9.47 4.52529 2.26088
9.475 4.57187 1.71289
9.48 4.00397 0.57154
9.485 3.46805 0.577666
9.49 3.46805 -0.577666
9.495 3.50335 -0.583538
9.5 3.5028 -1.16695
9.505 2.92011 -1.16762
9.51 2.92057 -0.583871
9.515 3.46805 -0.577666
9.52 3.46823 0
9.525 3.43363 0
9.53 3.43346 0.57191
9.535 2.86226 0.572224
9.54 3.39955 0.566268
9.545 3.96388 1.13171
9.55 3.96156 2.26253
9.555 4.52529 2.26088
9.56 4.52529 2.26088
9.565 3.96156 2.26253
9.57 3.39822 1.69836
9.575 3.43295 1.14371
9.58 3.46805 0.577666
9.585 2.92011 1.16762
9.59 2.33718 0.584144
9.595 2.33718 0.584144
9.6 2.3136 0.578254
9.605 2.3136 0.578254
9.61 2.2905 0.572481
9.615 2.3136 0.578254
9.62 2.89112 0.577989
9.625 2.86226 0.572224
9.63 2.86183 1.14433
9.635 2.86112 1.71622
9.64 2.86112 1.71622
9.645 3.43295 1.14371
9.65 2.83397 0.566573
9.655 2.86226 0.572224
9.66 2.86183 1.14433
9.665 2.86183 1.14433
9.67 2.3136 0.578254
9.675 2.89112 0.577989
9.68 2.86241 0
9.685 3.39955 0.566268
9.69 3.43295 1.14371
9.695 3.43346 0.57191
9.7 3.43295 1.14371
9.705 3.43295 1.14371
9.71 3.43346 0.57191
9.715 3.46752 1.15521
9.72 3.46664 1.73253
9.725 4.00337 1.14297
9.73 3.43346 0.57191
9.735 3.43295 1.14371
9.74 3.96388 1.13171
9.745 3.43346 0.57191
9.75 3.46752 1.15521
9.755 3.46752 1.15521
9.76 3.43346 0.57191
9.765 3.43346 0.57191
9.77 3.46805 0.577666
9.775 3.46805 0.577666
9.78 3.46805 0.577666
9.785 2.89112 0.577989
9.79 2.92057 0.583871
9.795 3.46752 1.15521
9.8 3.43346 0.57191
9.805 2.86183 1.14433
9.81 2.86112 1.71622
9.815 3.43209 1.71528
9.82 3.96291 1.69729
9.825 3.39706 2.26397
9.83 5.13868 2.2814
9.835 4.66589 -1.16526
9.84 1.17894 -3.53881
9.845 1.77109 -1.18062
9.85 4.04428 0.577284
9.855 4.00238 1.71417
9.86 3.96291 1.69729
9.865 3.43209 1.71528
9.87 5.0832 3.38633
9.875 5.5823 4.46329
9.88 4.97488 4.97488
9.885 4.47093 4.47093
9.89 4.51803 3.95232
9.895 3.39375 3.39375
9.9 2.83065 2.83065
9.905 2.28878 2.28878
9.91 2.28878 2.28878
9.915 1.73491 1.73491
9.92 2.31266 1.73429
9.925 2.3136 0.578254
9.93 2.89068 1.15586
9.935 2.89068 1.15586
9.94 2.89112 0.577989
9.945 2.89068 1.15586
9.95 2.89068 1.15586
9.955 2.89112 0.577989
9.96 2.89127 0
9.965 2.89068 1.15586
9.97 3.43295 1.14371
9.975 3.43209 1.71528
9.98 4.04366 1.15445
9.985 4.00238 1.71417
9.99 3.96156 2.26253
9.995 4.47925 2.79779